0.032460 0.031825
0.032872 0.031465
0.033516 0.031510
0.033573 0.031602
0.033593 0.031197
0.033521 0.030842
0.033506 0.030606
0.033456 0.030701
0.033373 0.030754
0.033200 0.030947
0.032729 0.031300
0.031980 0.031219
0.031835 0.031438
0.031922 0.031852
0.031521 0.031916
0.031293 0.031763
0.031107 0.031877
0.030608 0.031700
0.030904 0.032150
0.030784 0.032197
0.030522 0.032166
0.030630 0.032015
0.030226 0.032186
0.030324 0.032286
0.030604 0.032322
0.031015 0.032360
0.031908 0.032776
0.031824 0.032502
0.031632 0.032598
0.030991 0.032375
0.031028 0.032455
0.031222 0.031884
0.031566 0.031483
0.031592 0.031633
0.032428 0.031768
0.032228 0.031457
0.032008 0.031639
0.032696 0.031814
0.032737 0.031926
0.032839 0.031981
0.032753 0.031917
0.033040 0.032075
0.033110 0.032323
0.033160 0.032308
0.033146 0.032219
0.033261 0.032221
0.033161 0.032209
0.032948 0.032230
0.032932 0.032369
0.032982 0.032434
0.032837 0.032259
0.032613 0.032114
0.032224 0.031958
0.032350 0.031901
0.032228 0.031793
0.032226 0.031733
0.032737 0.031794
0.032714 0.031770
0.033127 0.031952
0.033175 0.031996
0.033175 0.031985
0.033482 0.032016
0.033526 0.032069
0.033472 0.032140
0.033433 0.032083
0.033656 0.032044
0.033707 0.031989
0.033868 0.031958
0.033865 0.031934
0.033832 0.031903
0.033880 0.031884
0.033858 0.031684
0.033883 0.031723
0.033833 0.031676
0.033826 0.031658
0.033825 0.031718
0.033827 0.031760
0.033822 0.031724
0.033829 0.031695
0.033835 0.031659
0.033856 0.031630
0.033862 0.031632
0.033838 0.031601
0.033808 0.031500
0.033788 0.031492
0.033793 0.031538
0.033776 0.031551
0.033782 0.031551
0.033772 0.031544
0.033786 0.031517
0.033799 0.031511
0.033795 0.031530
0.033770 0.031461
0.033760 0.031428
0.033778 0.031491
0.033784 0.031587
0.033793 0.031661
0.033774 0.031677
0.033786 0.031655
0.033828 0.031665
0.033869 0.031704
0.033845 0.031683
0.033839 0.031643
0.033825 0.031593
0.033816 0.031629
0.033834 0.031704
0.033791 0.031684
0.033794 0.031668
0.033843 0.031669
0.033866 0.031553
0.033836 0.031602
0.033803 0.031577
0.033762 0.031536
0.033749 0.031476
0.033714 0.031586
0.033750 0.031615
0.033721 0.031677
0.033751 0.031678
0.033772 0.031851
0.033789 0.031803
0.033791 0.031851
0.033775 0.031792
0.033761 0.031687
0.033796 0.031680
0.033853 0.031686
0.033823 0.031591
0.033786 0.031527
0.033776 0.031462
0.033749 0.031448
0.033777 0.031540
0.033763 0.031527
0.033760 0.031518
0.033729 0.031420
0.033708 0.031463
0.033731 0.031573
0.033747 0.031603
0.033758 0.031643
0.033778 0.031703
0.033813 0.031715
0.033827 0.031676
0.033807 0.031578
0.033835 0.031496
0.033865 0.031537
0.033834 0.031573
0.033807 0.031580
0.033790 0.031475
0.033799 0.031550
0.033781 0.031455
0.033801 0.031445
0.033836 0.031427
0.033834 0.031460
0.033853 0.031475
0.033882 0.031561
0.033899 0.031657
0.033904 0.031669
0.033854 0.031627
0.033827 0.031528
0.033874 0.031587
0.033873 0.031602
0.033895 0.031574
0.033882 0.031518
0.033835 0.031521
0.033856 0.031552
0.033858 0.031606
0.033844 0.031543
0.033785 0.031481
0.033802 0.031449
0.033816 0.031402
0.033853 0.031397
0.033857 0.031339
0.033821 0.031331
0.033836 0.031334
0.033826 0.031407
0.033844 0.031472
0.033838 0.031449
0.033843 0.031473
0.033849 0.031462
0.033864 0.031464
0.033879 0.031416
0.033838 0.031295
0.033841 0.031203
0.033827 0.031202
0.033873 0.031295
0.033836 0.031267
0.033830 0.031279
0.033854 0.031226
0.033854 0.031247
0.033883 0.031223
0.033881 0.031176
0.033849 0.031096
0.033813 0.031081
0.033814 0.031105
0.033793 0.031106
0.033802 0.031121
0.033838 0.031220
0.033817 0.031177
0.033832 0.031174
0.033845 0.031177
0.033824 0.031078
0.033791 0.030954
0.033771 0.030978
0.033752 0.031051
0.033762 0.031112
0.033743 0.031082
0.033721 0.031123
0.033756 0.031098
0.033735 0.031073
0.033733 0.031005
0.033734 0.030922
0.033725 0.030945
0.033746 0.031022
0.033742 0.031060
0.033794 0.031048
0.033812 0.031076
0.033833 0.031107
0.033839 0.031090
0.033856 0.031006
0.033818 0.030951
0.033781 0.030888
0.033708 0.030983
0.033704 0.031001
0.033702 0.031090
0.033687 0.031025
0.033667 0.030952
0.033687 0.031071
0.033732 0.031036
0.033746 0.031015
0.033739 0.030941
0.033749 0.030941
0.033748 0.030979
0.033735 0.031069
0.033748 0.031116
0.033749 0.031193
0.033778 0.031186
0.033745 0.031181
0.033764 0.031210
0.033772 0.031112
0.033791 0.031025
0.033809 0.031068
0.033758 0.031158
0.033759 0.031216
0.033755 0.031164
0.033761 0.031172
0.033738 0.031222
0.033762 0.031197
0.033815 0.031158
0.033833 0.031116
0.033803 0.031012
0.033804 0.031077
0.033796 0.031098
0.033779 0.031188
0.033816 0.031229
0.033764 0.031216
0.033773 0.031153
0.033778 0.031178
0.033786 0.031218
0.033879 0.031071
0.033926 0.031154
0.033868 0.031068
0.033787 0.031138
0.033827 0.031254
0.033854 0.031550
0.033802 0.031269
0.033804 0.031459
0.033768 0.031428
0.033839 0.031554
0.033856 0.031312
0.033887 0.031264
0.033839 0.031161
0.033849 0.031406
0.033920 0.031492
0.033903 0.031483
0.033943 0.031450
0.033940 0.031314
0.034106 0.031470
0.034142 0.031406
0.034208 0.031293
0.034332 0.031285
0.034372 0.031383
0.034352 0.031350
0.034317 0.031547
0.034298 0.031552
0.034328 0.031728
0.034200 0.031773
0.034198 0.031971
0.034152 0.031941
0.034151 0.031876
0.034117 0.031855
0.033995 0.031777
0.033994 0.031905
0.033952 0.031870
0.033925 0.031812
0.033948 0.031834
0.033897 0.031827
0.033924 0.031879
0.033912 0.031869
0.033927 0.031760
0.033963 0.031809
0.033964 0.031860
0.033997 0.031878
0.033985 0.031860
0.033997 0.031809
0.034040 0.031824
0.034066 0.031902
0.034019 0.031825
0.034133 0.031867
0.034145 0.031832
0.034110 0.031726
0.034048 0.031637
0.034099 0.031706
0.034166 0.031629
0.034105 0.031420
0.034056 0.031322
0.033913 0.031192
0.033851 0.031109
0.033952 0.031017
0.033958 0.030990
0.033872 0.031060
0.033844 0.031097
0.033844 0.031222
0.033853 0.031094
0.033822 0.031060
0.033808 0.030990
0.033789 0.031041
0.033790 0.030973
0.033863 0.030880
0.033828 0.030896
0.033788 0.031016
0.033747 0.031142
0.033771 0.031183
0.033696 0.031130
0.033673 0.031143
0.033677 0.031088
0.033695 0.031136
0.033702 0.031119
0.033707 0.031002
0.033661 0.031073
0.033682 0.030979
0.033643 0.031043
0.033600 0.031088
0.033589 0.031133
0.033598 0.031218
0.033609 0.031227
0.033635 0.031236
0.033660 0.031192
0.033668 0.031146
0.033695 0.031101
0.033660 0.031254
0.033666 0.031394
0.033662 0.031365
0.033679 0.031351
0.033735 0.031339
0.033686 0.031251
0.033741 0.031386
0.033725 0.031176
0.033827 0.031059
0.033662 0.031028
0.033663 0.031136
0.033678 0.031128
0.033674 0.031122
0.033640 0.031159
0.033656 0.031177
0.033666 0.031144
0.033695 0.031145
0.033696 0.031116
0.033730 0.030937
0.033730 0.030942
0.033745 0.031045
0.033722 0.031059
0.033710 0.031104
0.033723 0.031076
0.033716 0.031027
0.033702 0.031018
0.033687 0.031043
0.033682 0.030965
0.033685 0.030857
0.033693 0.030884
0.033706 0.030963
0.033665 0.031006
0.033642 0.031027
0.033643 0.031015
0.033651 0.031033
0.033658 0.030994
0.033655 0.030935
0.033675 0.030919
0.033709 0.030881
0.033708 0.030910
0.033702 0.031045
0.033709 0.031065
0.033708 0.031063
0.033704 0.031051
0.033705 0.031027
0.033695 0.031059
0.033681 0.030975
0.033681 0.030965
0.033689 0.030919
0.033683 0.030952
0.033668 0.031070
0.033656 0.031118
0.033644 0.031106
0.033674 0.031120
0.033686 0.031105
0.033682 0.031130
0.033672 0.031116
0.033691 0.031025
0.033703 0.031006
0.033693 0.030968
0.033629 0.031015
0.033599 0.031089
0.033608 0.031156
0.033617 0.031170
0.033606 0.031162
0.033620 0.031149
0.033648 0.031168
0.033678 0.031085
0.033694 0.031112
0.033756 0.031127
0.033761 0.031171
0.033733 0.031234
0.033704 0.031190
0.033712 0.031182
0.033725 0.031172
0.033716 0.031185
0.033738 0.031179
0.033725 0.031140
0.033720 0.031120
0.033708 0.031196
0.033687 0.031195
0.033663 0.031208
0.033666 0.031225
0.033677 0.031252
0.033699 0.031228
0.033693 0.031200
0.033663 0.031137
0.033663 0.031126
0.033656 0.031147
0.033654 0.031210
0.033636 0.031207
0.033612 0.031167
0.033618 0.031170
0.033623 0.031169
0.033603 0.031208
0.033650 0.031237
0.033620 0.031166
0.033640 0.031154
0.033694 0.031201
0.033750 0.031299
0.033732 0.031247
0.033776 0.031246
0.033744 0.031223
0.033726 0.031300
0.033763 0.031376
0.033724 0.031220
0.033736 0.031150
0.033748 0.031097
0.033670 0.031086
0.033621 0.031143
0.033624 0.031167
0.033613 0.031186
0.033633 0.031128
0.033599 0.031136
0.033609 0.031143
0.033572 0.031144
0.033576 0.031157
0.033587 0.031206
0.033544 0.031247
0.033554 0.031357
0.033574 0.031388
0.033607 0.031365
0.033631 0.031361
0.033650 0.031350
0.033662 0.031422
0.033700 0.031427
0.033632 0.031412
0.033628 0.031500
0.033622 0.031482
0.033623 0.031490
0.033674 0.031473
0.033683 0.031481
0.033711 0.031529
0.033696 0.031537
0.033680 0.031494
0.033716 0.031516
0.033758 0.031591
0.033732 0.031633
0.033762 0.031680
0.033787 0.031648
0.033792 0.031647
0.033790 0.031642
0.033794 0.031627
0.033791 0.031654
0.033790 0.031687
0.033765 0.031698
0.033783 0.031619
0.033773 0.031581
0.033759 0.031572
0.033738 0.031539
0.033722 0.031505
0.033739 0.031499
0.033795 0.031454
0.033767 0.031536
0.033774 0.031529
0.033719 0.031537
0.033727 0.031533
0.033740 0.031586
0.033733 0.031633
0.033711 0.031512
0.033757 0.031560
0.033778 0.031541
0.033813 0.031566
0.033833 0.031634
0.033861 0.031646
0.033849 0.031735
0.033789 0.031852
0.033762 0.031814
0.033763 0.031701
0.033731 0.031513
0.033771 0.031499
0.033910 0.031696
0.033908 0.031820
0.033870 0.031875
0.033858 0.031898
0.033917 0.031793
0.034022 0.031852
0.033918 0.031734
0.033958 0.031812
0.033883 0.031828
0.033852 0.031860
0.033817 0.031818
0.033976 0.031622
0.033973 0.031521
0.033962 0.031432
0.034096 0.031219
0.034108 0.031253
0.034124 0.031181
0.034073 0.031279
0.034117 0.031221
0.034157 0.031190
0.034064 0.031242
0.034071 0.031398
0.034040 0.031501
0.034003 0.031641
0.034064 0.031786
0.034113 0.031936
0.033997 0.031890
0.033877 0.031771
0.033816 0.031756
0.033802 0.031808
0.033733 0.031776
0.033785 0.031758
0.033769 0.031765
0.033807 0.031676
0.033820 0.031676
0.033866 0.031727
0.033893 0.031706
0.033880 0.031663
0.033878 0.031671
0.033876 0.031688
0.033879 0.031764
0.033845 0.031758
0.033819 0.031746
0.033847 0.031793
0.033857 0.031853
0.033869 0.031765
0.033864 0.031690
0.033862 0.031700
0.033841 0.031713
0.033862 0.031681
0.033897 0.031665
0.033891 0.031682
0.033873 0.031561
0.033920 0.031584
0.033939 0.031466
0.033919 0.031429
0.033932 0.031526
0.033883 0.031548
0.033959 0.031597
0.034002 0.031654
0.033995 0.031760
0.034011 0.031853
0.034003 0.031742
0.033943 0.031812
0.033953 0.031782
0.033891 0.031834
0.033851 0.031847
0.033895 0.031847
0.033871 0.031868
0.033853 0.031929
0.033872 0.031947
0.033832 0.031892
0.033810 0.031829
0.033876 0.031860
0.033884 0.031775
0.033923 0.031890
0.033952 0.031916
0.033980 0.031977
0.033962 0.032005
0.033923 0.031925
0.033967 0.031962
0.034000 0.031948
0.033997 0.032035
0.034001 0.032019
0.033959 0.031860
0.033955 0.031968
0.033957 0.031961
0.033961 0.032088
0.033960 0.032131
0.033906 0.032049
0.033934 0.032107
0.033940 0.032108
0.033887 0.032110
0.033852 0.032047
0.033841 0.032094
0.033888 0.032082
0.033861 0.032080
0.033854 0.032006
0.033825 0.031876
0.033839 0.031901
0.033868 0.032078
0.033901 0.032148
0.033889 0.032091
0.033888 0.032094
0.034040 0.032207
0.034204 0.032665
0.034175 0.032652
0.034161 0.032541
0.034226 0.032362
0.034083 0.032172
0.033975 0.032059
0.033941 0.032019
0.034002 0.032078
0.033996 0.031975
0.034016 0.031925
0.033981 0.031859
0.033950 0.031653
0.033958 0.031605
0.034078 0.031675
0.034165 0.031658
0.034195 0.031670
0.034212 0.031743
0.034220 0.031651
0.034272 0.031612
0.034305 0.031631
0.034408 0.031699
0.034409 0.031533
0.034278 0.031382
0.034304 0.031396
0.034382 0.031466
0.034384 0.031467
0.034430 0.031384
0.034372 0.031329
0.034345 0.031331
0.034451 0.031447
0.034398 0.031429
0.034382 0.031276
0.034310 0.031090
0.034328 0.031102
0.034284 0.031128
0.034304 0.031086
0.034217 0.031064
0.034085 0.030857
0.033928 0.030724
0.033841 0.030728
0.033835 0.030898
0.033751 0.031064
0.033665 0.031116
0.033664 0.031154
0.033672 0.030962
0.033533 0.030842
0.033541 0.030934
0.033479 0.030823
0.033308 0.030843
0.033333 0.030851
0.033454 0.030795
0.033482 0.030776
0.033528 0.030672
0.033433 0.030693
0.033396 0.030728
0.033456 0.030763
0.033515 0.030730
0.033495 0.030664
0.033408 0.030556
0.033250 0.030534
0.033220 0.030574
0.033191 0.030484
0.033185 0.030509
0.032965 0.030549
0.032753 0.030643
0.032574 0.030783
0.032523 0.030838
0.032934 0.031014
0.032995 0.031191
0.032995 0.031144
0.032862 0.030950
0.032875 0.031000
0.032834 0.031287
0.032870 0.031346
0.032877 0.031453
0.032845 0.031585
0.032735 0.031424
0.032659 0.031502
0.032554 0.031547
0.032439 0.031861
0.032618 0.031889
0.032934 0.031658
0.032819 0.031640
0.032779 0.031595
0.032793 0.031741
0.032769 0.031770
0.032744 0.031924
0.032792 0.031953
0.032695 0.031845
0.032701 0.031924
0.032701 0.032015
0.032600 0.032023
0.032676 0.032075
0.032718 0.031991
0.032667 0.031900
0.032618 0.032047
0.032565 0.032156
0.032490 0.032164
0.032521 0.032283
0.032593 0.032222
0.032743 0.032162
0.032841 0.032041
0.032886 0.032117
0.032867 0.032191
0.032756 0.032191
0.032676 0.032350
0.032691 0.032375
0.032701 0.032338
0.032686 0.032402
0.032632 0.032437
0.032612 0.032567
0.032649 0.032496
0.032734 0.032460
0.033077 0.032314
0.033142 0.032272
0.033103 0.032246
0.033157 0.032265
0.033116 0.032393
0.033082 0.032300
0.033124 0.032304
0.033273 0.032146
0.033284 0.032032
0.033352 0.032184
0.033383 0.032219
0.033332 0.032274
0.033337 0.032330
0.033280 0.032358
0.033305 0.032397
0.033277 0.032339
0.033218 0.032432
0.033201 0.032449
0.033163 0.032467
0.033133 0.032560
0.033121 0.032741
0.033101 0.032712
0.033078 0.032592
0.032870 0.032506
0.032900 0.032598
0.032869 0.032721
0.032833 0.032792
0.032875 0.032961
0.032967 0.033019
0.033149 0.033029
0.033226 0.032914
0.033191 0.033053
0.033180 0.033176
0.033050 0.033258
0.032967 0.033352
0.032990 0.033505
0.033063 0.033473
0.033104 0.033520
0.033073 0.033503
0.033014 0.033486
0.032929 0.033475
0.032907 0.033553
0.032882 0.033544
0.032848 0.033440
0.032945 0.033361
0.032921 0.033257
0.032859 0.033137
0.032841 0.032962
0.032702 0.032817
0.032652 0.032781
0.032470 0.032687
0.032565 0.032595
0.032575 0.032531
0.032594 0.032452
0.032602 0.032357
0.032560 0.032339
0.032398 0.032308
0.032383 0.032243
0.032135 0.031994
0.032053 0.031870
0.031887 0.031779
0.031739 0.031680
0.031590 0.031562
0.031657 0.031598
0.031639 0.031623
0.031374 0.031592
0.031266 0.031657
0.031275 0.031598
0.031320 0.031485
0.031372 0.031533
0.031595 0.031657
0.031675 0.031765
0.031642 0.031795
0.031618 0.031823
0.031567 0.031876
0.031669 0.031855
0.031763 0.031940
0.031752 0.031936
0.031752 0.031982
0.031790 0.032051
0.031798 0.032068
0.031679 0.032170
0.031707 0.032189
0.031807 0.032146
0.031894 0.032182
0.031937 0.032202
0.031979 0.032214
0.032079 0.032210
0.032069 0.032231
0.031957 0.032241
0.031855 0.032322
0.032003 0.032377
0.031985 0.032417
0.032024 0.032446
0.032195 0.032346
0.032198 0.032425
0.032187 0.032461
0.032403 0.032666
0.032357 0.032712
0.032297 0.032748
0.032438 0.032712
0.032437 0.032622
0.032574 0.032776
0.032591 0.032796
0.032760 0.032868
0.033126 0.033021
0.033137 0.033000
0.033220 0.033017
0.033487 0.033010
0.033483 0.033026
0.033515 0.033038
0.033671 0.032788
0.033757 0.032697
0.033822 0.032706
0.033818 0.032693
0.033783 0.032652
0.033727 0.032595
0.033737 0.032655
0.033739 0.032715
0.033818 0.032681
0.033737 0.032564
0.033822 0.032540
0.033823 0.032454
0.033840 0.032438
0.033917 0.032450
0.033924 0.032461
0.033890 0.032511
0.033939 0.032529
0.033945 0.032519
0.033981 0.032533
0.034006 0.032524
0.033921 0.032490
0.033948 0.032449
0.033969 0.032502
0.033972 0.032531
0.033923 0.032596
0.033904 0.032602
0.033908 0.032504
0.034045 0.032468
0.034024 0.032363
0.034026 0.032388
0.034002 0.032406
0.034019 0.032428
0.034109 0.032562
0.034112 0.032434
0.034056 0.032314
0.034058 0.032418
0.033915 0.032343
0.033973 0.032338
0.034024 0.032372
0.034074 0.032310
0.034042 0.032323
0.034052 0.032321
0.034046 0.032221
0.034040 0.032173
0.034089 0.032266
0.034160 0.032244
0.034125 0.032327
0.034111 0.032291
0.034165 0.032364
0.034211 0.032403
0.034182 0.032316
0.034171 0.032211
0.034115 0.032169
0.034142 0.032142
0.034144 0.032173
0.034116 0.032141
0.034110 0.032151
0.034077 0.032128
0.034117 0.032179
0.034109 0.032182
0.034146 0.032256
0.034133 0.032371
0.034112 0.032315
0.034123 0.032337
0.034119 0.032374
0.034117 0.032327
0.034024 0.032208
0.034095 0.032419
0.034052 0.032460
0.034116 0.032518
0.034102 0.032552
0.034134 0.032546
0.034088 0.032476
0.034108 0.032515
0.034124 0.032602
0.034093 0.032492
0.034082 0.032436
0.033987 0.032243
0.033933 0.032118
0.033974 0.032177
0.033951 0.032135
0.033954 0.032214
0.034016 0.032254
0.033999 0.032260
0.033993 0.032257
0.034038 0.032414
0.034034 0.032433
0.034022 0.032409
0.033989 0.032427
0.033941 0.032450
0.033974 0.032490
0.033947 0.032496
0.033938 0.032418
0.033927 0.032450
0.033898 0.032371
0.033905 0.032348
0.033932 0.032358
0.033979 0.032331
0.033961 0.032192
0.033955 0.032215
0.033963 0.032212
0.033951 0.032231
0.033836 0.032246
0.033798 0.032170
0.033763 0.032041
0.033744 0.032035
0.033710 0.031934
0.033684 0.031871
0.033660 0.031875
0.033680 0.031668
0.033690 0.031618
0.033752 0.031633
0.033892 0.031753
0.033880 0.031856
0.033939 0.031849
0.033963 0.031937
0.034050 0.031994
0.034085 0.032015
0.034060 0.032097
0.034183 0.032129
0.034166 0.032142
0.034188 0.032119
0.034146 0.032042
0.034186 0.032137
0.034103 0.032112
0.034115 0.032022
0.034134 0.031935
0.034200 0.032037
0.034136 0.031987
0.034082 0.031954
0.034080 0.032004
0.034045 0.031885
0.034092 0.031842
0.034142 0.031986
0.034058 0.031809
0.034073 0.031947
0.034132 0.031953
0.034125 0.031944
0.034109 0.031934
0.034110 0.031872
0.034142 0.031805
0.034099 0.031697
0.034135 0.031706
0.034164 0.031688
0.034144 0.031709
0.034158 0.031712
0.034196 0.031761
0.034125 0.031769
0.034098 0.031804
0.034050 0.031809
0.034082 0.031958
0.034076 0.031989
0.034081 0.032097
0.034128 0.032168
0.034143 0.032065
0.034184 0.032069
0.034216 0.032076
0.034235 0.032062
0.034236 0.031987
0.034216 0.031979
0.034255 0.031954
0.034280 0.031925
0.034261 0.031881
0.034196 0.031754
0.034175 0.031805
0.034157 0.031821
0.034114 0.031829
0.034121 0.031908
0.034109 0.032013
0.034060 0.031977
0.034022 0.031991
0.034018 0.031882
0.034065 0.031900
0.034054 0.031820
0.034097 0.031770
0.034092 0.031711
0.034120 0.031715
0.034155 0.031740
0.034171 0.031660
0.034086 0.031593
0.034097 0.031586
0.034161 0.031642
0.034155 0.031595
0.034163 0.031712
0.034188 0.031835
0.034180 0.031741
0.034182 0.031787
0.034189 0.031726
0.034161 0.031754
0.034148 0.031792
0.034153 0.031895
0.034094 0.031768
0.034075 0.031770
0.034054 0.031820
0.034162 0.031766
0.034134 0.031856
0.034158 0.031893
0.034135 0.031863
0.034174 0.031906
0.034179 0.031945
0.034236 0.031995
0.034290 0.032205
0.034313 0.032253
0.034262 0.032376
0.034190 0.032430
0.034244 0.032451
0.034328 0.032346
0.034361 0.032276
0.034379 0.032305
0.034420 0.032142
0.034344 0.032195
0.034353 0.032146
0.034356 0.032002
0.034211 0.031989
0.034208 0.032008
0.034181 0.031953
0.034196 0.031852
0.034064 0.031843
0.033890 0.031745
0.033815 0.031751
0.033720 0.031686
0.033779 0.031615
0.033914 0.031693
0.033947 0.031682
0.034058 0.031626
0.034167 0.031488
0.034100 0.031427
0.034020 0.031420
0.033716 0.031485
0.033531 0.031552
0.033384 0.031481
0.033301 0.031376
0.033164 0.031351
0.033112 0.031378
0.033026 0.031263
0.033004 0.031282
0.032993 0.031151
0.033045 0.031126
0.033016 0.030987
0.032980 0.030881
0.033025 0.030674
0.033033 0.030583
0.033011 0.030497
0.032982 0.030402
0.032964 0.030335
0.032976 0.030292
0.032981 0.030221
0.033002 0.030210
0.032997 0.030187
0.032979 0.030145
0.032969 0.030125
0.032954 0.030147
0.032953 0.030156
0.032997 0.030206
0.032994 0.030222
0.032992 0.030197
0.032997 0.030217
0.032986 0.030252
0.032994 0.030241
0.032981 0.030296
0.032989 0.030282
0.033011 0.030233
0.033027 0.030310
0.033069 0.030304
0.033088 0.030378
0.033143 0.030362
0.033130 0.030395
0.033120 0.030341
0.033093 0.030384
0.033085 0.030331
0.033058 0.030452
0.033024 0.030359
0.032987 0.030473
0.033014 0.030395
0.032998 0.030411
0.033037 0.030403
0.033060 0.030398
0.033065 0.030452
0.033055 0.030518
0.033072 0.030464
0.033036 0.030421
0.033035 0.030482
0.033013 0.030479
0.033004 0.030528
0.032984 0.030519
0.032977 0.030489
0.032962 0.030550
0.032935 0.030569
0.032925 0.030531
0.032904 0.030466
0.032863 0.030444
0.032832 0.030499
0.032810 0.030513
0.032802 0.030514
0.032797 0.030564
0.032822 0.030612
0.032781 0.030688
0.032810 0.030694
0.032819 0.030685
0.032762 0.030741
0.032760 0.030788
0.032755 0.030838
0.032773 0.030812
0.032754 0.030852
0.032837 0.030928
0.032813 0.031000
0.032871 0.031052
0.032892 0.031026
0.032915 0.030983
0.032913 0.030970
0.032891 0.030934
0.032939 0.030955
0.032955 0.030957
0.032912 0.030992
0.032851 0.030969
0.032858 0.030996
0.032895 0.031013
0.032937 0.030929
0.032961 0.030959
0.032966 0.030908
0.032964 0.030897
0.032947 0.030953
0.032995 0.030927
0.032986 0.030997
0.032981 0.030973
0.032999 0.031014
0.033005 0.030965
0.033046 0.030990
0.033045 0.031006
0.033007 0.030970
0.032995 0.030895
0.032964 0.030825
0.032921 0.030840
0.032898 0.030914
0.032839 0.030978
0.032823 0.030951
0.032854 0.031006
0.032929 0.030972
0.032905 0.030897
0.032914 0.030871
0.032905 0.030828
0.032849 0.030778
0.032786 0.030791
0.032789 0.030786
0.032787 0.030895
0.032799 0.030926
0.032843 0.030949
0.032816 0.030983
0.032781 0.031105
0.032755 0.031022
0.032767 0.031053
0.032753 0.031024
0.032741 0.030842
