0.031479 0.032080
0.031331 0.032063
0.031321 0.032090
0.031298 0.032116
0.031301 0.032142
0.031302 0.032187
0.031325 0.032136
0.031349 0.032176
0.031350 0.032216
0.031387 0.032233
0.031377 0.032286
0.031364 0.032263
0.031408 0.032229
0.031414 0.032280
0.031395 0.032298
0.031420 0.032336
0.031381 0.032279
0.031303 0.032217
0.031339 0.032257
0.031285 0.032228
0.031201 0.032191
0.031246 0.032116
0.031302 0.032113
0.031399 0.032055
0.031447 0.032050
0.031533 0.032190
0.031665 0.032233
0.031966 0.032347
0.032110 0.032452
0.031726 0.032500
0.032038 0.032124
0.032085 0.032080
0.032035 0.032013
0.032003 0.031973
0.031945 0.031976
0.031935 0.031949
0.031920 0.031961
0.031878 0.032010
0.031876 0.032037
0.031846 0.032020
0.031803 0.032032
0.031851 0.032038
0.031848 0.032089
0.031809 0.032071
0.031781 0.032102
0.031753 0.032078
0.031754 0.032101
0.031785 0.032108
0.031844 0.032252
0.031738 0.032195
0.031730 0.032210
0.031705 0.032201
0.031649 0.032208
0.031656 0.032251
0.031639 0.032214
0.031609 0.032243
0.031592 0.032235
0.031589 0.032168
0.031544 0.032208
0.031503 0.032206
0.031492 0.032210
0.031537 0.032208
0.031588 0.032106
0.031317 0.031808
0.031865 0.032325
0.032345 0.032756
0.031351 0.032155
0.031094 0.032177
0.031486 0.032527
0.032359 0.032856
0.031262 0.032522
0.031165 0.032424
0.031155 0.032398
0.031268 0.032445
0.031205 0.032505
0.031239 0.032411
0.031166 0.032469
0.031932 0.033012
0.031760 0.031523
0.031151 0.032199
0.031251 0.032132
0.032880 0.031828
0.031504 0.032309
0.030956 0.031791
0.031136 0.032123
0.031059 0.032181
0.031045 0.032152
0.031141 0.032047
0.031153 0.032088
0.031170 0.032131
0.031225 0.032128
0.031198 0.032156
0.031201 0.032186
0.031161 0.032207
0.031166 0.032130
0.031181 0.032099
0.031280 0.032119
0.031211 0.032138
0.031238 0.032139
0.031229 0.032215
0.031288 0.032191
0.031330 0.032241
0.031375 0.032263
0.031422 0.032252
0.031372 0.032278
0.031416 0.032415
0.031447 0.032446
0.031558 0.032441
0.031651 0.032452
0.031607 0.032411
0.031662 0.032444
0.031691 0.032405
0.031623 0.032354
0.031544 0.032383
0.031550 0.032273
0.031503 0.032255
0.031490 0.032210
0.031462 0.032231
0.031463 0.032215
0.031500 0.032243
0.031521 0.032265
0.031500 0.032261
0.031524 0.032276
0.031454 0.032232
0.031491 0.032241
0.031459 0.032171
0.031443 0.032213
0.031463 0.032170
0.031504 0.032178
0.031473 0.032207
0.031520 0.032273
0.031464 0.032321
0.031518 0.032359
0.031529 0.032389
0.031555 0.032370
0.031482 0.032315
0.031513 0.032290
0.031537 0.032403
0.031582 0.032502
0.031617 0.032450
0.031561 0.032370
0.031599 0.032374
0.031606 0.032455
0.031683 0.032462
0.031618 0.032362
0.031671 0.032334
0.031563 0.032327
0.031597 0.032381
0.031593 0.032303
0.031558 0.032251
0.031510 0.032187
0.031516 0.032189
0.031474 0.032086
0.031461 0.032146
0.031451 0.032137
0.031518 0.032229
0.031534 0.032202
0.031479 0.032155
0.031433 0.032132
0.031398 0.032086
0.031352 0.032027
0.031409 0.032018
0.031732 0.032136
0.032827 0.031979
0.031466 0.032199
0.031328 0.032228
0.031937 0.031632
0.032057 0.032852
0.031332 0.032396
0.031309 0.032397
0.031250 0.032528
0.031349 0.032488
0.031333 0.032557
0.031285 0.032514
0.031560 0.032798
0.032656 0.032873
0.031562 0.033079
0.031623 0.032836
0.031602 0.032906
0.032009 0.032672
0.031495 0.032852
0.031514 0.033052
0.031644 0.033151
0.031604 0.033151
0.031581 0.033137
0.031615 0.033142
0.031550 0.033141
0.031518 0.033142
0.031555 0.033225
0.031539 0.033186
0.031556 0.033182
0.031460 0.033175
0.031513 0.033074
0.031492 0.033089
0.031424 0.033012
0.031388 0.032977
0.031323 0.032917
0.031315 0.032941
0.031326 0.032920
0.031238 0.032796
0.031268 0.032751
0.031304 0.032735
0.031377 0.032625
0.031398 0.032578
0.031496 0.032593
0.031517 0.032515
0.031606 0.032540
0.031882 0.032557
0.032073 0.032466
0.032024 0.032418
0.032009 0.032468
0.031994 0.032501
0.031938 0.032527
0.031883 0.032741
0.031831 0.032840
0.031661 0.032810
0.031600 0.032764
0.031616 0.032795
0.031545 0.032780
0.031570 0.032756
0.031600 0.032774
0.031576 0.032741
0.031570 0.032728
0.031560 0.032751
0.031658 0.032776
0.031721 0.032726
0.031772 0.032666
0.031741 0.032626
0.031769 0.032601
0.031737 0.032548
0.031777 0.032450
0.031766 0.032359
0.031801 0.032337
0.031832 0.032350
0.031900 0.032284
0.031885 0.032263
0.031848 0.032203
0.031804 0.032174
0.031817 0.032218
0.031795 0.032203
0.031792 0.032162
0.031822 0.032194
0.031801 0.032215
0.031813 0.032303
0.031782 0.032333
0.031894 0.032311
0.031897 0.032316
0.032012 0.032360
0.031813 0.032280
0.031761 0.032277
0.031737 0.032288
0.031889 0.032285
0.031864 0.032227
0.031879 0.032201
0.031931 0.032160
0.031632 0.032149
0.031636 0.032190
0.031664 0.032208
0.031718 0.032274
0.031714 0.032268
0.031750 0.032340
0.031736 0.032367
0.031805 0.032318
0.031827 0.032300
0.031797 0.032297
0.031899 0.032251
0.031892 0.032165
0.031771 0.032025
0.031838 0.032047
0.031775 0.032112
0.031762 0.032183
0.031774 0.032181
0.031790 0.032168
0.031751 0.032176
0.031729 0.032170
0.031708 0.032171
0.031706 0.032161
0.031725 0.032145
0.031711 0.032193
0.031716 0.032148
0.031703 0.032205
0.031725 0.032138
0.031667 0.032204
0.031631 0.032262
0.031570 0.032295
0.031570 0.032342
0.031604 0.032178
0.031539 0.032065
0.031562 0.032044
0.031517 0.032048
0.031469 0.032142
0.031496 0.032144
0.031503 0.032148
0.031526 0.032125
0.031620 0.032103
0.031461 0.031809
0.031913 0.032241
0.032802 0.033032
0.031570 0.031970
0.031437 0.031967
0.031675 0.032594
0.032494 0.032207
0.031530 0.032050
0.031398 0.032020
0.031402 0.032007
0.031477 0.032012
0.031504 0.032063
0.031534 0.032036
0.031567 0.032143
0.032569 0.032528
0.031949 0.032079
0.031716 0.032037
0.031731 0.031990
0.032943 0.032172
0.031851 0.032030
0.031370 0.031656
0.031520 0.031959
0.031488 0.031986
0.031524 0.032027
0.031545 0.031997
0.031528 0.032061
0.031585 0.032074
0.031616 0.032054
0.031618 0.032064
0.031616 0.032082
0.031635 0.032095
0.031653 0.032046
0.031641 0.032033
0.031643 0.032065
0.031643 0.032067
0.031665 0.032056
0.031616 0.032050
0.031613 0.032079
0.031612 0.032081
0.031591 0.032118
0.031622 0.032176
0.031704 0.032138
0.031694 0.032144
0.031710 0.032174
0.031834 0.032207
0.031732 0.032134
0.031753 0.032128
0.031725 0.032120
0.031735 0.032146
0.031702 0.032194
0.031668 0.032182
0.031638 0.032145
0.031660 0.032137
0.031695 0.032144
0.031673 0.032202
0.031669 0.032236
0.031513 0.032357
0.031560 0.032148
0.031618 0.031975
0.031772 0.031959
0.031970 0.032140
0.031982 0.032115
0.032150 0.032172
0.032093 0.032109
0.032254 0.031957
0.032276 0.032059
0.032289 0.031989
0.032460 0.032084
0.032203 0.032049
0.032092 0.032051
0.032111 0.031944
0.032063 0.031953
0.032053 0.031952
0.032032 0.032000
0.032048 0.031998
0.032004 0.031988
0.032029 0.031961
0.031999 0.031947
0.031986 0.031932
0.032017 0.031900
0.032002 0.031883
0.032043 0.031883
0.032061 0.031874
0.032046 0.031911
0.031964 0.031964
0.031878 0.031955
0.031865 0.032036
0.031896 0.031905
0.031881 0.031923
0.031865 0.031930
0.031806 0.031958
0.031823 0.031954
0.031734 0.031970
0.031712 0.031980
0.031743 0.031977
0.031800 0.032020
0.031720 0.031981
0.031712 0.031888
0.031729 0.031915
0.031763 0.031904
0.031790 0.031863
0.031794 0.031881
0.031801 0.031898
0.031757 0.031912
0.031681 0.031917
0.031608 0.031928
0.031480 0.031899
0.031486 0.031927
0.031452 0.031919
0.031519 0.031921
0.031556 0.031837
0.031553 0.031803
0.031605 0.031822
0.031658 0.031885
0.031652 0.031898
0.031691 0.031955
0.031655 0.031956
0.031616 0.031985
0.031575 0.032088
0.031571 0.032134
0.031590 0.032113
0.031574 0.032112
0.031568 0.032101
0.031566 0.032026
0.031577 0.031983
0.031610 0.031939
0.031650 0.031955
0.031732 0.031950
0.031791 0.031951
0.031876 0.031903
0.031844 0.031903
0.031817 0.031862
0.031715 0.031878
0.031622 0.031771
0.031458 0.031871
0.031412 0.032018
0.031436 0.032010
0.031522 0.031883
0.031570 0.031761
0.031545 0.031767
0.031557 0.031747
0.031527 0.031831
0.031520 0.031936
0.031462 0.031999
0.031400 0.032041
0.031371 0.031990
0.031393 0.031863
0.031344 0.031680
0.031386 0.031660
0.031345 0.031755
0.031430 0.031879
0.031869 0.032217
0.031834 0.032328
0.031646 0.032455
0.031942 0.032064
0.031863 0.031961
0.031843 0.031877
0.031755 0.031772
0.031702 0.031785
0.031719 0.031757
0.031700 0.031718
0.031688 0.031733
0.031693 0.031741
0.031665 0.031745
0.031635 0.031728
0.031640 0.031760
0.031647 0.031754
0.031603 0.031774
0.031596 0.031792
0.031608 0.031798
0.031585 0.031813
0.031642 0.031845
0.031639 0.031862
0.031664 0.031893
0.031641 0.031902
0.031621 0.031932
0.031626 0.031940
0.031610 0.032022
0.031602 0.032004
0.031596 0.031944
0.031625 0.031944
0.031567 0.031886
0.031575 0.031916
0.031539 0.031967
0.031523 0.032002
0.031580 0.031957
0.031551 0.031807
0.031561 0.031853
0.031794 0.031988
0.031892 0.032160
0.032137 0.032501
0.032037 0.032675
0.031846 0.032328
0.032031 0.032269
0.032105 0.032087
0.032204 0.032101
0.032056 0.032034
0.031986 0.031959
0.031928 0.031951
0.031852 0.031935
0.031911 0.031845
0.031841 0.031722
0.031989 0.031902
0.032031 0.031640
0.032427 0.031830
0.032831 0.032227
0.032342 0.031952
0.032021 0.031843
0.032286 0.032003
0.033020 0.032172
0.032186 0.031954
0.032047 0.031857
0.031975 0.031906
0.031975 0.031931
0.031968 0.031927
0.031924 0.031918
0.031943 0.031999
0.032401 0.032387
0.032615 0.031413
0.031844 0.031898
0.031987 0.031858
0.033232 0.032512
0.032004 0.032047
0.031635 0.031543
0.031722 0.031908
0.031664 0.031964
0.031666 0.031996
0.031629 0.031985
0.031585 0.032004
0.031589 0.031982
0.031578 0.031983
0.031575 0.031979
0.031591 0.031965
0.031562 0.031967
0.031575 0.031963
0.031579 0.031977
0.031583 0.031982
0.031544 0.031993
0.031540 0.031957
0.031545 0.031981
0.031561 0.032011
0.031567 0.032005
0.031559 0.031990
0.031553 0.032017
0.031556 0.031967
0.031655 0.032019
0.031528 0.031981
0.031475 0.031947
0.031475 0.031946
0.031461 0.031912
0.031463 0.031893
0.031449 0.031867
0.031451 0.031869
0.031451 0.031876
0.031458 0.031870
0.031471 0.031847
0.031466 0.031820
0.031453 0.031817
0.031462 0.031816
0.031475 0.031837
0.031456 0.031816
0.031471 0.031828
0.031501 0.031823
0.031509 0.031841
0.031493 0.031838
0.031515 0.031856
0.031557 0.031821
0.031568 0.031833
0.031603 0.031834
0.031599 0.031836
0.031567 0.031837
0.031523 0.031820
0.031521 0.031794
0.031487 0.031777
0.031459 0.031774
0.031457 0.031781
0.031491 0.031843
0.031483 0.031829
0.031485 0.031838
0.031442 0.031844
0.031387 0.031849
0.031396 0.031814
0.031360 0.031800
0.031340 0.031786
0.031329 0.031805
0.031361 0.031849
0.031368 0.031870
0.031369 0.031848
0.031364 0.031911
0.031370 0.031924
0.031375 0.031927
0.031393 0.031913
0.031284 0.031588
0.031633 0.032121
0.032416 0.032393
0.031381 0.032087
0.031136 0.032081
0.031414 0.032646
0.032147 0.032343
0.031087 0.032130
0.031014 0.032007
0.031006 0.031971
0.031036 0.031880
0.031020 0.031831
0.031070 0.031881
0.031211 0.032011
0.032326 0.032289
0.031699 0.032228
0.031150 0.031945
0.031258 0.032002
0.032301 0.032547
0.031267 0.031983
0.030968 0.031919
0.031120 0.032253
0.031122 0.032431
0.031085 0.032551
0.030986 0.032419
0.031029 0.032383
0.031059 0.032307
0.031084 0.032313
0.031228 0.032162
0.031292 0.032035
0.031409 0.032138
0.031420 0.032219
0.031320 0.032396
0.031363 0.032560
0.031984 0.032235
0.032387 0.032838
0.032002 0.032921
0.032359 0.032440
0.032259 0.032424
0.032200 0.032402
0.032110 0.032409
0.032002 0.032383
0.031876 0.032168
0.031740 0.031833
0.031420 0.031757
0.031431 0.031807
0.031511 0.031790
0.031538 0.031866
0.031540 0.031829
0.031545 0.031801
0.031518 0.031910
0.031457 0.031958
0.031444 0.032067
0.031485 0.032065
0.031467 0.032130
0.031477 0.032141
0.031485 0.032193
0.031517 0.032159
0.031484 0.032148
0.031605 0.032151
0.031711 0.032030
0.031695 0.031947
0.031796 0.032186
0.031837 0.032266
0.032052 0.032350
0.032270 0.032547
0.032349 0.032839
0.032217 0.032541
0.032463 0.032260
0.032292 0.032126
0.032251 0.032009
0.032289 0.032004
0.032281 0.031991
0.032241 0.031984
0.032234 0.031971
0.032261 0.032000
0.032196 0.031996
0.032197 0.032074
0.032066 0.032056
0.031890 0.031996
0.031820 0.031980
0.031756 0.031898
0.031758 0.031907
0.031787 0.031945
0.031780 0.031977
0.031804 0.032004
0.031826 0.031991
0.031848 0.031973
0.031839 0.031988
0.031805 0.032003
0.031829 0.031963
0.031742 0.031672
0.032069 0.031999
0.032527 0.032167
0.031972 0.031945
0.031692 0.031960
0.031978 0.032259
0.032523 0.032302
0.031760 0.032165
0.031710 0.031993
0.031660 0.031934
0.031640 0.031834
0.031644 0.031808
0.031658 0.031873
0.031644 0.032012
0.032144 0.032386
0.032348 0.031642
0.031522 0.032020
0.031667 0.032023
0.033139 0.032361
0.031829 0.032148
0.031491 0.031556
0.031577 0.031900
0.031498 0.031933
0.031463 0.031961
0.031493 0.032011
0.031443 0.031910
0.031418 0.031939
0.031391 0.031926
0.031398 0.031952
0.031405 0.031960
0.031447 0.031965
0.031435 0.032014
0.031446 0.031987
0.031451 0.031935
0.031447 0.031940
0.031423 0.031931
0.031412 0.031920
0.031417 0.031940
0.031389 0.031948
0.031381 0.031942
0.031315 0.031989
0.031259 0.032056
0.031248 0.032114
0.031275 0.032201
0.031307 0.032269
0.031347 0.032307
0.031357 0.032294
0.031333 0.032269
0.031348 0.032232
0.031318 0.032216
0.031333 0.032226
0.031329 0.032215
0.031373 0.032203
0.031318 0.032159
0.031360 0.032073
0.031410 0.031835
0.031386 0.031800
0.031378 0.031745
0.031310 0.031684
0.031324 0.031660
0.031430 0.031640
0.031495 0.031712
0.031471 0.031715
0.031374 0.031731
0.031374 0.031798
0.031387 0.031773
0.031415 0.031775
0.031426 0.031938
0.031432 0.032054
0.031464 0.032139
0.031481 0.032217
0.031530 0.032175
0.031622 0.032114
0.031608 0.032128
0.031736 0.032187
0.031585 0.031977
0.031578 0.032223
0.032247 0.031936
0.031825 0.032187
0.031437 0.032003
0.032088 0.032107
0.032532 0.032332
0.031830 0.032231
0.031706 0.031781
0.031764 0.031769
0.031822 0.031812
0.031832 0.031784
0.031817 0.031782
0.031839 0.031914
0.032373 0.032436
0.032551 0.031219
0.031912 0.031831
0.032032 0.031770
0.033373 0.031909
0.032085 0.031976
0.031726 0.031489
0.031879 0.031834
0.031787 0.031934
0.031810 0.031896
0.031792 0.031881
0.031781 0.031860
0.031761 0.031824
0.031597 0.031746
0.031579 0.031755
0.031496 0.031732
0.031529 0.031673
0.031509 0.031682
0.031515 0.031667
0.031538 0.031628
0.031564 0.031634
0.031575 0.031560
0.031599 0.031572
0.031549 0.031560
0.031579 0.031544
0.031533 0.031542
0.031437 0.031516
0.031419 0.031505
0.031461 0.031559
0.031478 0.031713
0.031504 0.031830
0.031554 0.031696
0.031579 0.031677
0.031571 0.031678
0.031570 0.031701
0.031567 0.031727
0.031618 0.031759
0.031672 0.031778
0.031681 0.031742
0.031674 0.031678
0.031638 0.031599
0.031588 0.031585
0.031581 0.031537
0.031507 0.031541
0.031483 0.031579
0.031437 0.031601
0.031353 0.031639
0.031322 0.031683
0.031224 0.031655
0.031177 0.031594
0.031139 0.031641
0.031166 0.031596
0.031176 0.031576
0.031194 0.031596
0.031249 0.031655
0.031197 0.031674
0.031204 0.031729
0.031244 0.031698
0.031216 0.031734
0.031228 0.031784
0.031174 0.031743
0.031088 0.031714
0.031132 0.031662
0.031176 0.031726
0.031120 0.031752
0.031134 0.031830
0.031049 0.031780
0.030953 0.031791
0.030819 0.031815
0.030802 0.031766
0.030686 0.031688
0.030659 0.031623
0.030693 0.031595
0.030653 0.031553
0.030695 0.031587
0.030693 0.031492
0.030663 0.031408
0.030621 0.031021
0.031067 0.031661
0.031584 0.031492
0.030708 0.031641
0.030487 0.031716
0.030579 0.031875
0.031638 0.032482
0.030439 0.031858
0.030412 0.031780
0.030282 0.031778
0.030209 0.031780
0.030337 0.031844
0.030374 0.031763
0.030445 0.031977
0.032128 0.032564
0.030924 0.032523
0.030743 0.031923
0.030935 0.031831
0.031805 0.032497
0.030946 0.031650
0.030620 0.031491
0.030731 0.031709
0.030746 0.031729
0.030816 0.031704
0.030849 0.031732
0.030886 0.031942
0.030920 0.032042
0.030937 0.032380
0.030747 0.032407
0.030767 0.032383
0.030805 0.032406
0.030787 0.032342
0.030993 0.032210
0.030972 0.032016
0.030983 0.031936
0.031071 0.031875
0.030984 0.031866
0.030971 0.031828
0.031036 0.031858
0.030958 0.031989
0.030835 0.032071
0.030782 0.032072
0.030618 0.032121
0.030651 0.032119
0.030745 0.032085
0.030777 0.031924
0.030853 0.031945
0.030965 0.031992
0.030977 0.031992
0.030822 0.031995
0.030878 0.032177
0.030789 0.032149
0.030704 0.032221
0.030942 0.032065
0.031340 0.032139
0.031849 0.032301
0.031643 0.032648
0.031404 0.032731
0.031778 0.032287
0.031641 0.032292
0.031695 0.032278
0.031546 0.032228
0.031619 0.032303
0.031515 0.032321
0.031443 0.032245
0.031236 0.032064
0.031105 0.032063
0.030979 0.031964
0.030838 0.031944
0.030812 0.031875
0.030989 0.031945
0.030952 0.031953
0.030903 0.032052
0.030897 0.032026
0.031246 0.032016
0.031292 0.031907
0.031384 0.032030
0.031556 0.032345
0.031300 0.032426
0.031282 0.032240
0.031383 0.031893
0.031443 0.031907
0.031505 0.031971
0.031436 0.032034
0.031370 0.032022
0.031321 0.032086
0.031329 0.032193
0.031313 0.032257
0.031394 0.032156
0.031410 0.032273
0.031428 0.032212
0.031325 0.032114
0.031251 0.031856
0.031604 0.032147
0.032432 0.031443
0.031277 0.032190
0.030975 0.032170
0.031243 0.031821
0.031858 0.032712
0.031054 0.032272
0.030966 0.032318
0.030930 0.032264
0.030948 0.032293
0.030923 0.032266
0.030937 0.032296
0.031011 0.032329
0.032346 0.032795
0.031559 0.032755
0.031164 0.032233
0.031219 0.032219
0.032230 0.032973
0.031174 0.032172
0.031025 0.031980
0.031142 0.032182
0.031066 0.032280
0.031098 0.032252
0.031114 0.032249
0.031141 0.032235
0.031141 0.032288
0.031131 0.032352
0.031143 0.032261
0.031205 0.032205
0.031209 0.032215
0.031188 0.032232
0.031190 0.032123
0.031190 0.032142
0.031253 0.032205
0.031307 0.032233
0.031243 0.032304
0.031245 0.032266
0.031319 0.032243
0.031309 0.032232
0.031326 0.032227
0.031288 0.032148
0.031317 0.032105
0.031371 0.032135
0.031342 0.032188
0.031378 0.032234
0.031351 0.032227
0.031375 0.032211
0.031390 0.032252
0.031398 0.032335
0.031413 0.032271
0.031358 0.032302
0.031392 0.032386
0.031458 0.032388
0.031469 0.032464
0.031421 0.032479
0.031482 0.032511
0.031474 0.032530
0.031422 0.032569
0.031439 0.032542
0.031297 0.032475
0.031341 0.032393
0.031351 0.032305
0.031408 0.032227
0.031352 0.032243
0.031357 0.032262
0.031345 0.032270
0.031354 0.032222
0.031362 0.032300
0.031371 0.032367
0.031384 0.032361
0.031431 0.032329
0.031354 0.032319
0.031275 0.032301
0.031339 0.032348
0.031302 0.032363
0.031381 0.032397
0.031467 0.032484
0.031398 0.032511
0.031426 0.032495
0.031409 0.032524
0.031389 0.032527
0.031392 0.032465
0.031400 0.032479
0.031386 0.032436
0.031378 0.032321
0.031281 0.032093
0.031623 0.032556
0.032539 0.033067
0.031438 0.032364
0.031175 0.032486
0.031577 0.033038
0.032206 0.032928
0.031019 0.032638
0.030930 0.032585
0.030981 0.032598
0.031047 0.032657
0.031046 0.032702
0.031045 0.032630
0.031176 0.032641
0.031849 0.033078
0.031719 0.031666
0.031149 0.032636
0.031285 0.032565
0.033113 0.031913
0.031535 0.032731
0.031061 0.032202
0.031279 0.032360
0.031281 0.032484
0.031313 0.032719
0.031380 0.032728
0.031268 0.032615
0.031273 0.032604
0.031247 0.032560
0.031310 0.032632
0.031214 0.032757
0.031242 0.032715
0.031374 0.032598
0.031238 0.032717
0.031375 0.032745
0.031348 0.032972
0.031378 0.033158
0.031727 0.033131
0.032069 0.033298
0.031934 0.033536
0.032755 0.033313
0.032613 0.033200
0.032617 0.033102
0.032611 0.033048
0.032542 0.033087
0.032506 0.033070
0.032622 0.033052
0.032282 0.032944
0.031818 0.032757
0.031646 0.032740
0.031609 0.032751
0.031581 0.032787
0.031597 0.032744
0.031631 0.032788
0.031665 0.032809
0.031626 0.032818
0.031657 0.032756
0.031711 0.032717
0.031659 0.032680
0.031723 0.032673
0.031707 0.032663
0.031747 0.032631
0.031794 0.032610
0.031820 0.032615
0.031786 0.032624
0.031757 0.032612
0.031780 0.032570
0.031771 0.032613
0.031777 0.032638
0.031822 0.032769
0.031769 0.032714
0.031775 0.032688
0.031799 0.032756
0.031754 0.032765
0.031696 0.032804
0.031620 0.032789
0.031621 0.032788
0.031638 0.032854
0.031609 0.032880
0.031577 0.032889
0.031586 0.032895
0.031662 0.032933
0.031629 0.032938
0.031655 0.032941
0.031592 0.032987
0.031584 0.032889
0.031565 0.032933
0.031617 0.032983
0.031605 0.033042
0.031626 0.033072
0.031555 0.033010
0.031666 0.033087
0.031672 0.033050
0.031659 0.033038
0.031677 0.033020
0.031711 0.033000
0.031791 0.033066
0.031786 0.033111
0.031797 0.033087
0.031848 0.033037
0.031805 0.033058
0.031823 0.033039
0.031645 0.033095
0.031433 0.033157
0.031373 0.033047
0.031348 0.033005
0.031283 0.033008
0.031325 0.033110
0.031402 0.033011
0.031561 0.032870
0.031804 0.032769
0.031705 0.032708
0.032002 0.032611
0.032014 0.032615
0.032003 0.032589
0.031917 0.032615
0.031877 0.032582
0.031849 0.032611
0.031803 0.032578
0.031840 0.032543
0.031845 0.032503
0.031782 0.032468
0.031631 0.032593
0.031495 0.032530
0.031402 0.032492
0.031441 0.032370
0.031349 0.032391
0.031397 0.032444
0.031486 0.032450
0.031842 0.032544
0.031856 0.032479
0.031881 0.032344
0.031933 0.032301
0.031763 0.032110
0.032044 0.032272
0.032142 0.032590
0.032026 0.032300
0.031418 0.032352
0.031381 0.032374
0.032531 0.032580
0.031456 0.032483
0.031384 0.032319
0.031449 0.032292
0.031433 0.032310
0.031345 0.032306
0.031384 0.032271
0.031432 0.032280
0.031945 0.032675
0.032013 0.031575
0.031215 0.032189
0.031351 0.032172
0.032958 0.031889
0.031515 0.032568
0.030806 0.031989
0.030934 0.032367
0.030705 0.032521
0.030556 0.032457
0.030633 0.032429
0.030763 0.032472
0.030444 0.032575
0.030476 0.032556
0.030785 0.032445
0.030900 0.032541
0.030772 0.032120
0.031239 0.032211
0.031159 0.032271
0.031021 0.032162
0.030956 0.032278
0.030969 0.032362
0.030878 0.032312
0.030843 0.032241
0.030918 0.032337
0.030893 0.032352
0.030947 0.032309
0.030983 0.032408
0.031038 0.032401
0.031079 0.032330
0.031101 0.032229
0.031103 0.032232
