0.034090 0.033546
0.034058 0.033456
0.034108 0.033455
0.034160 0.033360
0.034147 0.033354
0.034070 0.033327
0.034011 0.033205
0.034004 0.033087
0.033993 0.033146
0.033929 0.033180
0.033981 0.033247
0.034007 0.033201
0.034028 0.033239
0.034059 0.033220
0.034021 0.033131
0.033953 0.032996
0.033982 0.032978
0.033943 0.032927
0.033902 0.032887
0.033914 0.032897
0.033839 0.032859
0.033706 0.032824
0.033561 0.032753
0.033449 0.032660
0.033369 0.032444
0.033322 0.032395
0.033187 0.032340
0.033097 0.032395
0.033112 0.032435
0.033141 0.032455
0.033162 0.032477
0.033212 0.032541
0.033358 0.032671
0.033408 0.032832
0.033356 0.032923
0.033332 0.032836
0.033441 0.032843
0.033458 0.032830
0.033456 0.032744
0.033439 0.032726
0.033471 0.032633
0.033527 0.032638
0.033494 0.032611
0.033487 0.032650
0.033565 0.032722
0.033618 0.032760
0.033605 0.032732
0.033666 0.032666
0.033682 0.032724
0.033670 0.032787
0.033845 0.032685
0.033716 0.032619
0.033608 0.032659
0.033694 0.032590
0.033647 0.032470
0.033582 0.032605
0.033579 0.032645
0.033678 0.032561
0.033759 0.032489
0.033845 0.032399
0.033973 0.032464
0.034068 0.032462
0.034041 0.032451
0.034060 0.032330
0.034075 0.032384
0.034124 0.032327
0.034121 0.032408
0.034141 0.032382
0.034239 0.032394
0.034271 0.032385
0.034284 0.032403
0.034291 0.032324
0.034271 0.032340
0.034271 0.032237
0.034249 0.032275
0.034182 0.032191
0.034095 0.032134
0.034074 0.032218
0.034072 0.032294
0.034006 0.032209
0.033965 0.032186
0.033879 0.032176
0.033859 0.032132
0.033864 0.032271
0.033897 0.032332
0.033813 0.032263
0.033830 0.032219
0.033889 0.032262
0.033884 0.032155
0.033767 0.032066
0.033594 0.032102
0.033529 0.032190
0.033454 0.032143
0.033511 0.032268
0.033466 0.032286
0.033173 0.032279
0.033069 0.032287
0.032869 0.032310
0.033010 0.032339
0.032996 0.032313
0.033115 0.032323
0.033223 0.032376
0.033429 0.032405
0.033547 0.032469
0.033713 0.032436
0.033960 0.032392
0.034127 0.032405
0.034259 0.032416
0.034315 0.032401
0.034322 0.032404
0.034320 0.032343
0.034407 0.032063
0.034468 0.031915
0.034526 0.031821
0.034355 0.032317
0.034183 0.032610
0.033983 0.032709
0.033928 0.032705
0.033894 0.032701
0.034043 0.032658
0.034004 0.032664
0.033975 0.032558
0.034068 0.032641
0.034044 0.032686
0.034037 0.032606
0.033975 0.032591
0.033848 0.032705
0.033799 0.032862
0.033824 0.032778
0.033940 0.032618
0.033625 0.032820
0.033549 0.032903
0.033543 0.032898
0.033527 0.032839
0.033514 0.032753
0.033452 0.032747
0.033460 0.032756
0.033338 0.032793
0.033472 0.032602
0.033433 0.032616
0.033170 0.032698
0.033083 0.032644
0.033143 0.032609
0.033114 0.032427
0.033153 0.032592
0.033395 0.032680
0.033670 0.032686
0.033997 0.032741
0.034084 0.032667
0.034176 0.032725
0.034150 0.032737
0.034161 0.032708
0.034046 0.032668
0.034050 0.032638
0.033999 0.032633
0.033958 0.032698
0.033936 0.032800
0.033925 0.032916
0.033889 0.032981
0.033865 0.033008
0.033868 0.032906
0.033939 0.032917
0.034023 0.032895
0.034073 0.032861
0.033947 0.032882
0.034050 0.032986
0.034018 0.032770
0.034107 0.032840
0.034077 0.032862
0.034111 0.032845
0.033931 0.032477
0.033783 0.032388
0.033846 0.032465
0.033833 0.032521
0.033781 0.032462
0.033813 0.032708
0.033862 0.032767
0.033920 0.032838
0.033959 0.032757
0.033858 0.032611
0.033925 0.032647
0.033923 0.032638
0.033918 0.032453
0.033988 0.032569
0.034046 0.032571
0.034196 0.032544
0.034215 0.032584
0.034307 0.032569
0.034381 0.032581
0.034430 0.032433
0.034440 0.032328
0.034512 0.032584
0.034601 0.032817
0.034596 0.032914
0.034520 0.032909
0.034551 0.032900
0.034677 0.032873
0.034651 0.032834
0.034641 0.032807
0.034755 0.032868
0.034897 0.032833
0.034907 0.032918
0.034892 0.033044
0.034773 0.033201
0.034779 0.033264
0.034888 0.033303
0.034967 0.033240
0.034897 0.033352
0.034777 0.033369
0.034639 0.033408
0.034537 0.033322
0.034513 0.033181
0.034372 0.033039
0.034328 0.033028
0.034264 0.033018
0.034212 0.033090
0.034081 0.033257
0.034168 0.033333
0.034170 0.033505
0.034135 0.033528
0.034096 0.033343
0.033864 0.033085
0.033651 0.032952
0.033572 0.032889
0.033517 0.032874
0.033479 0.032828
0.033499 0.032870
0.033526 0.032911
0.033435 0.032894
0.033380 0.032903
0.033220 0.032892
0.033087 0.032807
0.033112 0.032835
0.033113 0.032786
0.032949 0.032646
0.032885 0.032554
0.032803 0.032487
0.032788 0.032441
0.032876 0.032481
0.032884 0.032423
0.032940 0.032305
0.033091 0.032269
0.033254 0.032266
0.033405 0.032299
0.033541 0.032288
0.033419 0.032301
0.033393 0.032320
0.033424 0.032345
0.033472 0.032396
0.033603 0.032395
0.033527 0.032409
0.033351 0.032463
0.033431 0.032541
0.033514 0.032560
0.033444 0.032538
0.033524 0.032565
0.033570 0.032612
0.033587 0.032650
0.033553 0.032672
0.033496 0.032576
0.033521 0.032569
0.033603 0.032520
0.033544 0.032520
0.033587 0.032560
0.033586 0.032545
0.033608 0.032573
0.033485 0.032551
0.033386 0.032496
0.033360 0.032515
0.033268 0.032502
0.033128 0.032476
0.033160 0.032514
0.033064 0.032517
0.033127 0.032528
0.033204 0.032566
0.033093 0.032448
0.033146 0.032565
0.033126 0.032567
0.033282 0.032679
0.033226 0.032672
0.033194 0.032604
0.033174 0.032591
0.033145 0.032528
0.033119 0.032420
0.033196 0.032534
0.033362 0.032515
0.033627 0.032502
0.033781 0.032430
0.033879 0.032439
0.034063 0.032597
0.034159 0.032628
0.034271 0.032598
0.034265 0.032527
0.034174 0.032527
0.034134 0.032520
0.034033 0.032519
0.034049 0.032454
0.034169 0.032640
0.034231 0.032685
0.034290 0.032789
0.034253 0.032802
0.034194 0.032768
0.034074 0.032555
0.034057 0.032548
0.034075 0.032712
0.034123 0.033020
0.034116 0.032984
0.034067 0.032970
0.034023 0.032940
0.034055 0.032993
0.034051 0.032987
0.034089 0.033036
0.034144 0.033070
0.034207 0.033064
0.034200 0.033063
0.034169 0.033023
0.034192 0.033003
0.034172 0.032968
0.034175 0.032957
0.034181 0.032974
0.034256 0.032969
0.034279 0.033027
0.034234 0.033042
0.034262 0.033049
0.034363 0.033085
0.034367 0.033094
0.034515 0.033137
0.034616 0.033088
0.034599 0.033109
0.034549 0.033079
0.034543 0.033069
0.034501 0.033021
0.034389 0.032950
0.034328 0.032969
0.034382 0.033013
0.034333 0.032939
0.034404 0.032854
0.034375 0.032679
0.034326 0.032603
0.034356 0.032453
0.034335 0.032479
0.034232 0.032464
0.034110 0.032296
0.033975 0.032398
0.034067 0.032455
0.034187 0.032745
0.034296 0.032671
0.034065 0.032599
0.033842 0.032613
0.032679 0.032430
0.032462 0.032367
0.032627 0.032454
0.032520 0.032303
0.032554 0.032353
0.032469 0.032291
0.032609 0.032363
0.032471 0.032320
0.032514 0.032419
0.032665 0.032536
0.032720 0.032584
0.032779 0.032616
0.032845 0.032634
0.032834 0.032592
0.032858 0.032583
0.032821 0.032611
0.032751 0.032608
0.032633 0.032541
0.032722 0.032577
0.032863 0.032570
0.032965 0.032642
0.033053 0.032778
0.033080 0.032833
0.033005 0.032802
0.033134 0.032814
0.033195 0.032783
0.033268 0.032773
0.033242 0.032765
0.033277 0.032743
0.033301 0.032722
0.033347 0.032665
0.033390 0.032633
0.033497 0.032682
0.033539 0.032724
0.033507 0.032677
0.033610 0.032731
0.033672 0.032712
0.033722 0.032649
0.033857 0.032592
0.033909 0.032591
0.033839 0.032598
0.033742 0.032593
0.033704 0.032551
0.033719 0.032511
0.033726 0.032559
0.033695 0.032701
0.033681 0.032767
0.033700 0.032847
0.033746 0.032853
0.033763 0.032767
0.033756 0.032720
0.033770 0.032722
0.033773 0.032728
0.033698 0.032679
0.033615 0.032617
0.033526 0.032557
0.033545 0.032621
0.033585 0.032710
0.033578 0.032763
0.033595 0.032784
0.033605 0.032784
0.033674 0.032757
0.033688 0.032703
0.033636 0.032623
0.033342 0.032602
0.033241 0.032653
0.033228 0.032697
0.033185 0.032689
0.033177 0.032682
0.033139 0.032716
0.033145 0.032746
0.033203 0.032766
0.033268 0.032797
0.033277 0.032791
0.033202 0.032774
0.033299 0.032702
0.033377 0.032695
0.033396 0.032711
0.033392 0.032668
0.033504 0.032595
0.033556 0.032623
0.033603 0.032627
0.033588 0.032660
0.033578 0.032695
0.033651 0.032694
0.033726 0.032697
0.033703 0.032560
0.033778 0.032469
0.033799 0.032378
0.033823 0.032369
0.033776 0.032489
0.033798 0.032572
0.033746 0.032616
0.033692 0.032680
0.033634 0.032773
0.033528 0.032800
0.033568 0.032931
0.033648 0.032985
0.033681 0.032992
0.033671 0.033008
0.033725 0.032951
0.033801 0.032955
0.033739 0.032916
0.033739 0.032939
0.033676 0.032899
0.033683 0.032952
0.033681 0.032996
0.033636 0.032995
0.033692 0.033029
0.033687 0.033031
0.033746 0.033093
0.033785 0.033070
0.033765 0.033099
0.033845 0.033081
0.033833 0.033028
0.033889 0.033021
0.033863 0.033074
0.033864 0.033009
0.033877 0.033013
0.033876 0.033001
0.033909 0.033001
0.033897 0.033082
0.033972 0.033055
0.034021 0.033045
0.034045 0.033109
0.034119 0.033163
0.034160 0.033289
0.034116 0.033365
0.034229 0.033496
0.034149 0.033635
0.034240 0.033723
0.034309 0.033815
0.034400 0.033935
0.034315 0.033984
0.034287 0.033989
0.034265 0.034243
0.034045 0.034283
0.033981 0.034356
0.034036 0.034522
0.033954 0.034611
0.034068 0.034645
0.034002 0.034713
0.034168 0.034775
0.034141 0.035022
0.034205 0.035065
0.034412 0.035272
0.034403 0.035410
0.034331 0.035370
0.034280 0.035455
0.034108 0.035397
0.033767 0.035360
0.033612 0.035496
0.033498 0.035660
0.033464 0.035627
0.033529 0.035566
0.033268 0.035527
0.033252 0.035610
0.033265 0.035504
0.033149 0.035418
0.033229 0.035570
0.033116 0.035529
0.033175 0.035334
0.033445 0.035209
0.033570 0.034992
0.033496 0.035095
0.033745 0.035167
0.033664 0.035070
0.033577 0.035401
0.033773 0.035521
0.033580 0.035435
0.033701 0.035757
0.033573 0.035521
0.033553 0.035464
0.033636 0.035394
0.033603 0.035279
0.033670 0.035380
0.033674 0.035491
0.033578 0.035322
0.033493 0.035189
0.033450 0.035316
0.033526 0.035420
0.033422 0.035238
0.033609 0.035332
0.033484 0.035239
0.033553 0.035187
0.033653 0.035044
0.033743 0.035088
0.034113 0.035312
0.034202 0.035252
0.034438 0.035458
0.034504 0.035613
0.034618 0.035667
0.034613 0.035820
0.034731 0.035662
0.034699 0.035636
0.034646 0.035412
0.034596 0.035426
0.034645 0.035151
0.034744 0.035432
0.034868 0.035324
0.034704 0.035207
0.034634 0.035295
0.034483 0.035231
0.034459 0.035249
0.034429 0.035390
0.034426 0.035250
0.034389 0.035250
0.034548 0.035143
0.034478 0.035148
0.034625 0.035112
0.034534 0.035288
0.034626 0.035418
0.034756 0.035408
0.034843 0.035401
0.034757 0.035232
0.034692 0.035233
0.034733 0.035009
0.034625 0.034854
0.034530 0.034657
0.034484 0.034603
0.034514 0.034493
0.034515 0.034504
0.034351 0.034383
0.034361 0.034285
0.034317 0.034146
0.034342 0.034150
0.034488 0.034328
0.034665 0.034339
0.034825 0.034139
0.034894 0.034034
0.035005 0.033938
0.035174 0.033935
0.035264 0.033659
0.035213 0.033204
0.035283 0.033246
0.035106 0.033129
0.035091 0.032997
0.035072 0.032853
0.034933 0.032874
0.034905 0.032907
0.034750 0.033044
0.034717 0.033002
0.034576 0.032928
0.034493 0.032781
0.034535 0.032718
0.034352 0.032696
0.034310 0.032760
0.034136 0.032868
0.033930 0.033077
0.034120 0.033238
0.034156 0.033074
0.034071 0.033121
0.033982 0.033266
0.033949 0.033227
0.033908 0.032827
0.033839 0.032704
0.033945 0.032710
0.033899 0.032919
0.033871 0.032991
0.033795 0.032918
0.033750 0.032953
0.033696 0.033157
0.033549 0.033186
0.033451 0.033050
0.033174 0.033028
0.033148 0.033136
0.033351 0.033255
0.033808 0.033055
0.034295 0.032947
0.034635 0.032816
0.035089 0.032572
0.034970 0.032115
0.034314 0.032103
0.032752 0.032261
0.032540 0.032391
0.032497 0.032373
0.032422 0.032314
0.032403 0.032431
0.032385 0.032591
0.032251 0.032528
0.032104 0.032362
0.031791 0.032124
0.031810 0.032033
0.031978 0.031957
0.031986 0.031920
0.032427 0.032172
0.032575 0.032264
0.032895 0.032410
0.033140 0.032522
0.033196 0.032485
0.033289 0.032510
0.033309 0.032623
0.032993 0.032567
0.032980 0.032564
0.033085 0.032679
0.033317 0.032758
0.033304 0.032726
0.033251 0.032712
0.033145 0.032653
0.033172 0.032649
0.033181 0.032682
0.033264 0.032737
0.033397 0.032716
0.033343 0.032656
0.033407 0.032739
0.033492 0.032742
0.033546 0.032745
0.033705 0.032724
0.033753 0.032672
0.033711 0.032554
0.033707 0.032582
0.033602 0.032617
0.033526 0.032624
0.033508 0.032722
0.033413 0.032711
0.033307 0.032744
0.033194 0.032728
0.033240 0.032761
0.033318 0.032794
0.033432 0.032779
0.033394 0.032715
0.033305 0.032666
0.033224 0.032612
0.033305 0.032585
0.033367 0.032548
0.033390 0.032550
0.033529 0.032605
0.033526 0.032559
0.033487 0.032475
0.033494 0.032507
0.033693 0.032477
0.033792 0.032458
0.033650 0.032372
0.033469 0.032325
0.033205 0.032199
0.033048 0.032206
0.033176 0.032325
0.033137 0.032347
0.033126 0.032348
0.033252 0.032389
0.033406 0.032390
0.033429 0.032396
0.033520 0.032326
0.033556 0.032248
0.033493 0.032224
0.033406 0.032095
0.033412 0.032134
0.033394 0.032423
0.033332 0.032540
0.033364 0.032676
0.033406 0.032742
0.033388 0.032626
0.033267 0.032421
0.033140 0.032323
0.033117 0.032328
0.033231 0.032173
0.033196 0.032215
0.033067 0.032123
0.032960 0.032098
0.033019 0.032193
0.033185 0.032434
0.033407 0.032567
0.033521 0.032715
0.033776 0.032842
0.034010 0.032810
0.034111 0.032813
0.034213 0.032741
0.034160 0.032578
0.034190 0.032606
0.034164 0.032578
0.034161 0.032631
0.034171 0.032654
0.034095 0.032619
0.033882 0.032687
0.033700 0.032707
0.033687 0.032708
0.033704 0.032697
0.033682 0.032679
0.033733 0.032597
0.033738 0.032618
0.033747 0.032681
0.033682 0.032694
0.033650 0.032699
0.033629 0.032713
0.033514 0.032688
0.033544 0.032705
0.033525 0.032765
0.033491 0.032816
0.033356 0.032802
0.033129 0.032768
0.032900 0.032738
0.032832 0.032758
0.032622 0.032638
0.032577 0.032666
0.032429 0.032515
0.032234 0.032350
0.032213 0.032321
0.032249 0.032324
0.032240 0.032270
0.032432 0.032369
0.032425 0.032364
0.032459 0.032369
0.032478 0.032370
0.032454 0.032364
0.032430 0.032382
0.032603 0.032435
0.032730 0.032473
0.032736 0.032509
0.032840 0.032540
0.033013 0.032591
0.033318 0.032701
0.033716 0.032734
0.033897 0.032755
0.033989 0.032732
0.033945 0.032708
0.033889 0.032737
0.033804 0.032773
0.033835 0.032845
0.033804 0.032876
0.033996 0.032914
0.034018 0.032894
0.033912 0.032966
0.033801 0.032988
0.033691 0.032920
0.033724 0.032902
0.033792 0.032875
0.033785 0.032845
0.033818 0.032829
0.033745 0.032821
0.033743 0.032817
0.033782 0.032848
0.033809 0.032917
0.033829 0.032880
0.033792 0.032866
0.033712 0.032826
0.033466 0.032818
0.033231 0.032792
0.033048 0.032781
0.033042 0.032751
0.032974 0.032756
0.032897 0.032765
0.032901 0.032806
0.032794 0.032755
0.032632 0.032645
0.032420 0.032443
0.032335 0.032381
0.032305 0.032326
0.032437 0.032433
0.032430 0.032397
0.032365 0.032408
0.032290 0.032354
0.032171 0.032341
0.032239 0.032400
0.032447 0.032480
0.032727 0.032642
0.032943 0.032673
0.033039 0.032678
0.033232 0.032717
0.033482 0.032744
0.033743 0.032654
0.033841 0.032552
0.033849 0.032619
0.033811 0.032663
0.033827 0.032640
0.033917 0.032643
0.034049 0.032824
0.034103 0.033016
0.034047 0.032918
0.034038 0.033023
0.033907 0.032990
0.033891 0.032967
0.034038 0.032874
0.033971 0.032871
0.033927 0.032773
0.033841 0.032713
0.033666 0.032684
0.033606 0.032859
0.033606 0.033121
0.033684 0.033408
0.033905 0.033337
0.033975 0.033455
0.034112 0.033216
0.034299 0.033078
0.034271 0.032823
0.034079 0.033154
0.034078 0.032990
0.033866 0.032874
0.033270 0.032740
0.033269 0.032780
0.033322 0.032828
0.033394 0.032854
0.033307 0.032814
0.033030 0.032697
0.032776 0.032586
0.032680 0.032553
0.032656 0.032591
0.032678 0.032606
0.032669 0.032621
0.032690 0.032684
0.032747 0.032746
0.032829 0.032791
0.032952 0.032843
0.033014 0.032866
0.032969 0.032786
0.032891 0.032688
0.032934 0.032655
0.032978 0.032694
0.033087 0.032754
0.033199 0.032760
0.033322 0.032772
0.033452 0.032774
0.033653 0.032759
0.033793 0.032803
0.033939 0.032835
0.034025 0.032840
0.034080 0.032804
0.034155 0.032762
0.034167 0.032785
0.034129 0.032834
0.034067 0.032835
0.034025 0.032846
0.034006 0.032884
0.033952 0.032941
0.033935 0.033002
0.033901 0.032997
0.033914 0.033019
0.034001 0.033082
0.034028 0.033077
0.034071 0.033045
0.034085 0.032973
0.034022 0.033028
0.033999 0.033033
0.034012 0.033054
0.033998 0.033075
0.033977 0.033127
0.033994 0.033185
0.034007 0.033207
0.034052 0.033238
0.034121 0.033241
0.034103 0.033199
0.034100 0.033131
0.034076 0.033097
0.034043 0.033072
0.033939 0.033054
0.033884 0.033043
0.033923 0.033031
0.033913 0.033066
0.033990 0.033135
0.034112 0.033200
0.034188 0.033259
0.034319 0.033333
0.034380 0.033294
0.034548 0.033317
0.034627 0.033343
0.034650 0.033310
0.034597 0.033311
0.034502 0.033286
0.034371 0.033244
0.034286 0.033253
0.034280 0.033226
0.034226 0.033178
0.034227 0.033023
0.034244 0.032918
0.034199 0.032699
0.034395 0.032534
0.034401 0.032462
0.034629 0.032597
0.034843 0.032999
0.034810 0.033083
0.034588 0.033226
0.034069 0.033031
0.033952 0.032787
0.033630 0.032855
0.033613 0.032851
0.033625 0.032860
0.033332 0.032764
0.033253 0.032685
0.033330 0.032681
0.033325 0.032686
0.033384 0.032664
0.033411 0.032650
0.033435 0.032647
0.033512 0.032670
0.033572 0.032742
0.033653 0.032757
0.033623 0.032771
0.033609 0.032795
0.033515 0.032782
0.033408 0.032764
0.033267 0.032777
0.033118 0.032742
0.032949 0.032634
0.032895 0.032638
0.032912 0.032658
0.033006 0.032753
0.033107 0.032909
0.033179 0.032976
0.033180 0.032915
0.033244 0.032877
0.033303 0.032728
0.033371 0.032649
0.033321 0.032543
0.033366 0.032575
0.033365 0.032548
0.033449 0.032574
0.033513 0.032591
0.033609 0.032604
0.033763 0.032606
0.033892 0.032596
0.033935 0.032626
0.034009 0.032564
0.034061 0.032516
0.034065 0.032505
0.034047 0.032599
0.033994 0.032527
0.034029 0.032533
0.034016 0.032543
0.033996 0.032612
0.033974 0.032673
0.033966 0.032727
0.034077 0.032827
0.034163 0.032844
0.034272 0.032844
0.034372 0.032837
0.034361 0.032884
0.034364 0.032859
0.034304 0.032855
0.034363 0.032868
0.034368 0.032892
0.034380 0.032971
0.034377 0.032998
0.034392 0.032994
0.034485 0.032974
0.034523 0.032993
0.034484 0.032926
0.034529 0.032874
0.034484 0.032764
0.034424 0.032676
0.034386 0.032536
0.034317 0.032520
0.034286 0.032526
0.034273 0.032554
0.034218 0.032577
0.034109 0.032505
0.034060 0.032434
0.033970 0.032473
0.033917 0.032388
0.033791 0.032473
0.033884 0.032350
0.033788 0.032387
0.034007 0.032319
0.034036 0.032352
0.034147 0.032216
0.034130 0.032103
0.034172 0.032033
0.034272 0.031995
0.034231 0.032007
0.034264 0.031983
0.034268 0.032188
0.034253 0.032302
0.034255 0.032331
0.034240 0.032408
0.034219 0.032523
0.034293 0.032587
0.034279 0.032543
0.034226 0.032321
0.034195 0.032203
0.034138 0.032273
0.034161 0.032272
0.034076 0.032454
0.034092 0.032680
0.033947 0.032723
0.033827 0.032709
0.033755 0.032697
0.033747 0.032644
0.033872 0.032762
0.033834 0.032808
0.033845 0.032753
0.033906 0.032813
0.034056 0.032896
0.034091 0.033031
0.034164 0.033134
0.034279 0.033232
0.034206 0.033291
0.034267 0.033352
0.034290 0.033457
0.034127 0.033372
0.033911 0.033270
0.033887 0.033291
0.033883 0.033273
0.033877 0.033271
0.033849 0.033279
0.033947 0.033327
0.033958 0.033443
0.033990 0.033401
0.034210 0.033433
0.034422 0.033423
0.034505 0.033408
0.034591 0.033579
0.034630 0.033562
0.034597 0.033596
0.034661 0.033658
0.034750 0.033750
0.034643 0.033776
0.034551 0.033582
0.034382 0.033882
0.034254 0.033882
0.034092 0.034265
0.034330 0.034210
0.034407 0.034283
0.034617 0.034030
0.034693 0.033965
0.034751 0.033908
0.034810 0.033617
0.034555 0.033175
0.034651 0.033133
0.034440 0.033277
0.034710 0.033482
0.034834 0.033538
0.034541 0.033299
0.034379 0.033232
0.034183 0.032966
0.034288 0.033061
0.034295 0.033122
0.034334 0.033140
0.034461 0.033310
0.034578 0.033291
0.034692 0.033275
0.034713 0.033123
0.034684 0.032928
0.034325 0.032674
0.034322 0.032630
0.034289 0.032565
0.034324 0.032579
0.034255 0.032595
0.034171 0.032427
0.034344 0.032388
0.034192 0.032369
0.033914 0.032167
0.033966 0.031989
0.033652 0.031966
0.033755 0.032168
0.033258 0.032213
0.032869 0.032295
0.032803 0.032287
0.032891 0.032331
0.032732 0.032239
0.032649 0.032174
0.032432 0.032086
0.032559 0.032122
0.032459 0.032141
0.032583 0.032185
0.032648 0.032225
0.032775 0.032252
0.032980 0.032323
0.033067 0.032356
0.033074 0.032353
0.033032 0.032296
0.032959 0.032192
0.033127 0.032252
0.033033 0.032227
0.033362 0.032271
0.033552 0.032308
0.033763 0.032355
0.033916 0.032419
0.034167 0.032445
0.034327 0.032536
0.034582 0.032644
0.034631 0.032756
0.034693 0.032795
0.034761 0.032899
0.034813 0.032899
0.034803 0.032974
0.034825 0.033073
0.034834 0.033137
0.034776 0.033094
0.034801 0.033111
0.034802 0.033202
0.034789 0.033287
0.034831 0.033323
0.034795 0.033344
0.034868 0.033362
0.034838 0.033302
0.034835 0.033240
0.034857 0.033220
0.034767 0.033225
0.034740 0.033296
0.034719 0.033359
0.034681 0.033487
0.034607 0.033519
0.034603 0.033646
0.034593 0.033575
0.034502 0.033430
0.034512 0.033249
0.034478 0.033057
0.034290 0.032819
0.034140 0.032626
0.034039 0.032421
0.033936 0.032370
0.033981 0.032421
0.034153 0.032498
0.034284 0.032566
0.034489 0.032703
0.034525 0.032721
0.034493 0.032592
0.034605 0.032486
0.034537 0.032274
0.034393 0.031970
0.034352 0.031894
0.034197 0.031792
0.033997 0.031658
0.033833 0.031519
0.033468 0.031515
0.033224 0.031499
0.033000 0.031577
0.032867 0.031683
0.032942 0.031678
0.032960 0.031763
0.033040 0.031805
0.033227 0.031803
0.033274 0.031749
0.033195 0.031709
0.033331 0.031631
0.033316 0.031537
0.033214 0.031583
0.033152 0.031504
0.033134 0.031510
0.033122 0.031663
0.033226 0.031792
0.033403 0.031957
0.033530 0.031826
0.033670 0.031737
0.033827 0.031833
0.033924 0.031976
0.034000 0.032339
0.033995 0.032493
0.033987 0.032360
0.033866 0.032274
0.033627 0.032283
0.033575 0.032303
0.033664 0.032216
0.033784 0.032387
0.033946 0.032585
0.034022 0.032490
0.034099 0.032447
0.034118 0.032492
0.034123 0.032575
0.034029 0.032623
0.033942 0.032540
0.033949 0.032684
0.034046 0.032790
