0.034006 0.031912
0.033995 0.031866
0.034020 0.031911
0.034012 0.031864
0.033974 0.031841
0.033961 0.031835
0.034007 0.031834
0.033994 0.031836
0.034019 0.031758
0.034065 0.031807
0.034035 0.031707
0.034036 0.031670
0.034043 0.031714
0.034037 0.031676
0.033997 0.031550
0.034022 0.031558
0.034027 0.031568
0.034056 0.031633
0.034077 0.031660
0.034118 0.031710
0.034101 0.031712
0.034075 0.031641
0.034105 0.031643
0.034140 0.031644
0.034135 0.031671
0.034157 0.031773
0.034110 0.031766
0.034147 0.031883
0.034150 0.031859
0.034166 0.031902
0.034110 0.031923
0.034166 0.031954
0.034071 0.031810
0.034122 0.031846
0.034119 0.031869
0.034064 0.031825
0.034005 0.031768
0.034029 0.031798
0.034003 0.031744
0.033962 0.031699
0.034025 0.031750
0.034022 0.031716
0.034015 0.031690
0.034030 0.031768
0.034032 0.031834
0.034001 0.031825
0.033972 0.031848
0.033991 0.031862
0.034036 0.031920
0.034027 0.031869
0.034005 0.031894
0.033985 0.031897
0.033994 0.031838
0.033980 0.031828
0.033948 0.031783
0.033962 0.031762
0.033975 0.031812
0.034040 0.031803
0.034135 0.031801
0.034188 0.031745
0.034202 0.031778
0.034201 0.031774
0.034176 0.031776
0.034115 0.031721
0.034031 0.031741
0.033986 0.031742
0.034023 0.031814
0.034021 0.031714
0.034055 0.031695
0.034044 0.031727
0.034059 0.031762
0.034098 0.031819
0.034092 0.031858
0.034092 0.031877
0.034049 0.031833
0.034001 0.031789
0.033978 0.031804
0.033979 0.031830
0.034000 0.031880
0.033989 0.031761
0.033958 0.031726
0.034009 0.031811
0.033977 0.031725
0.033948 0.031685
0.033955 0.031752
0.033978 0.031791
0.033930 0.031731
0.033947 0.031801
0.033921 0.031661
0.033962 0.031683
0.033887 0.031654
0.033928 0.031708
0.033919 0.031718
0.033900 0.031618
0.033911 0.031666
0.033973 0.031712
0.033894 0.031587
0.033849 0.031547
0.033849 0.031599
0.033867 0.031535
0.033888 0.031585
0.033884 0.031589
0.033887 0.031619
0.033901 0.031600
0.033895 0.031605
0.033831 0.031627
0.033832 0.031647
0.033860 0.031694
0.033820 0.031726
0.033808 0.031711
0.033800 0.031736
0.033827 0.031723
0.033825 0.031704
0.033858 0.031752
0.033856 0.031781
0.033819 0.031731
0.033812 0.031750
0.033832 0.031727
0.033828 0.031755
0.033802 0.031721
0.033835 0.031729
0.033851 0.031772
0.033843 0.031738
0.033870 0.031745
0.033866 0.031685
0.033860 0.031696
0.033828 0.031744
0.033798 0.031646
0.033806 0.031571
0.033790 0.031542
0.033796 0.031462
0.033788 0.031413
0.033776 0.031337
0.033826 0.031377
0.033839 0.031381
0.033849 0.031397
0.033782 0.031399
0.033789 0.031498
0.033790 0.031505
0.033853 0.031588
0.033879 0.031587
0.033854 0.031564
0.033818 0.031473
0.033815 0.031416
0.033859 0.031403
0.033806 0.031406
0.033807 0.031455
0.033785 0.031484
0.033806 0.031482
0.033845 0.031525
0.033848 0.031476
0.033826 0.031494
0.033821 0.031520
0.033818 0.031503
0.033816 0.031505
0.033827 0.031491
0.033822 0.031546
0.033806 0.031515
0.033880 0.031571
0.033909 0.031559
0.033884 0.031475
0.033880 0.031440
0.033917 0.031432
0.033899 0.031360
0.033898 0.031383
0.033895 0.031437
0.033863 0.031405
0.033848 0.031400
0.033934 0.031530
0.033935 0.031574
0.033901 0.031569
0.033932 0.031618
0.033892 0.031563
0.033907 0.031527
0.033909 0.031592
0.033934 0.031579
0.033962 0.031545
0.033960 0.031586
0.033978 0.031574
0.033930 0.031535
0.033929 0.031489
0.033974 0.031557
0.033971 0.031539
0.033956 0.031524
0.033912 0.031578
0.033932 0.031531
0.033902 0.031543
0.033918 0.031638
0.033915 0.031649
0.033897 0.031592
0.033922 0.031554
0.033903 0.031493
0.033875 0.031466
0.033859 0.031451
0.033843 0.031406
0.033834 0.031427
0.033880 0.031496
0.033838 0.031430
0.033798 0.031449
0.033857 0.031542
0.033906 0.031647
0.033926 0.031601
0.033930 0.031566
0.033986 0.031593
0.033985 0.031541
0.033998 0.031558
0.033966 0.031594
0.033926 0.031541
0.033901 0.031465
0.033932 0.031499
0.033952 0.031575
0.033963 0.031818
0.033939 0.031714
0.034041 0.031699
0.034004 0.031637
0.034043 0.031616
0.034025 0.031681
0.033993 0.031706
0.033973 0.031751
0.034002 0.031796
0.034020 0.031792
0.034101 0.031848
0.034052 0.031742
0.034064 0.031698
0.034105 0.031816
0.034053 0.031746
0.034091 0.031820
0.034098 0.031803
0.034215 0.031917
0.034193 0.031944
0.034126 0.031835
0.034121 0.031779
0.034045 0.031656
0.034096 0.031667
0.034140 0.031742
0.034102 0.031830
0.034094 0.031901
0.034022 0.031921
0.034027 0.031927
0.033989 0.031921
0.034077 0.031976
0.034057 0.031988
0.033984 0.031917
0.033951 0.031870
0.033974 0.031878
0.033892 0.031913
0.033849 0.031943
0.033862 0.031998
0.033814 0.031978
0.033776 0.031966
0.033838 0.031950
0.033795 0.031884
0.033796 0.031747
0.033819 0.031792
0.033697 0.031828
0.033748 0.031854
0.033683 0.031820
0.033654 0.031852
0.033597 0.031840
0.033678 0.031813
0.033666 0.031784
0.033792 0.031786
0.033770 0.031764
0.033755 0.031759
0.033768 0.031764
0.033804 0.031807
0.033793 0.031810
0.033774 0.031741
0.033829 0.031742
0.033828 0.031730
0.033885 0.031729
0.033858 0.031641
0.033868 0.031636
0.033940 0.031568
0.033892 0.031535
0.033935 0.031550
0.033958 0.031585
0.033939 0.031532
0.033979 0.031555
0.034017 0.031528
0.033996 0.031561
0.034001 0.031520
0.033928 0.031455
0.033962 0.031453
0.033952 0.031419
0.033973 0.031426
0.033976 0.031430
0.034011 0.031486
0.034026 0.031530
0.033990 0.031571
0.033995 0.031560
0.033972 0.031559
0.033928 0.031539
0.033925 0.031512
0.033964 0.031566
0.033959 0.031599
0.033923 0.031605
0.033991 0.031682
0.034000 0.031735
0.034026 0.031769
0.034049 0.031743
0.034045 0.031769
0.034041 0.031786
0.034098 0.031816
0.034049 0.031799
0.034043 0.031791
0.034081 0.031873
0.034037 0.031824
0.034031 0.031797
0.034041 0.031756
0.034057 0.031734
0.034073 0.031749
0.034082 0.031754
0.034088 0.031686
0.034063 0.031612
0.034051 0.031779
0.034049 0.031791
0.034011 0.031746
0.034018 0.031757
0.034011 0.031771
0.034009 0.031735
0.034015 0.031701
0.033972 0.031670
0.033984 0.031642
0.033918 0.031657
0.033919 0.031707
0.033837 0.031663
0.033896 0.031627
0.033928 0.031637
0.033927 0.031636
0.033940 0.031644
0.033905 0.031680
0.033966 0.031701
0.033920 0.031713
0.033954 0.031760
0.033902 0.031708
0.033905 0.031701
0.033916 0.031698
0.034006 0.031783
0.033924 0.031801
0.033998 0.031855
0.033953 0.031868
0.033917 0.031897
0.033936 0.031904
0.033839 0.031897
0.033863 0.031874
0.033714 0.031812
0.033708 0.031795
0.033813 0.031805
0.033796 0.031798
0.033778 0.031769
0.033771 0.031756
0.033775 0.031807
0.033705 0.031772
0.033749 0.031789
0.033710 0.031774
0.033674 0.031810
0.033739 0.031812
0.033803 0.031865
0.033785 0.031856
0.033750 0.031783
0.033817 0.031810
0.033743 0.031773
0.033775 0.031820
0.033807 0.031828
0.033742 0.031812
0.033702 0.031782
0.033755 0.031732
0.033828 0.031731
0.033894 0.031644
0.033960 0.031603
0.033957 0.031604
0.033922 0.031546
0.033947 0.031639
0.033910 0.031615
0.033901 0.031618
0.033935 0.031664
0.033913 0.031712
0.033946 0.031737
0.033997 0.031739
0.034051 0.031769
0.034083 0.031845
0.034102 0.031847
0.034128 0.031849
0.034072 0.031750
0.034046 0.031714
0.034026 0.031772
0.033985 0.031687
0.033989 0.031705
0.033963 0.031599
0.033921 0.031588
0.033973 0.031630
0.033960 0.031625
0.033967 0.031659
0.033904 0.031626
0.033887 0.031660
0.033806 0.031696
0.033839 0.031709
0.033896 0.031721
0.033911 0.031730
0.033877 0.031664
0.033901 0.031717
0.033918 0.031677
0.033950 0.031666
0.033970 0.031690
0.033924 0.031664
0.033937 0.031683
0.033917 0.031758
0.033930 0.031756
0.033947 0.031714
0.033953 0.031789
0.033974 0.031835
0.033994 0.031910
0.033973 0.031937
0.034060 0.031981
0.034070 0.032078
0.034006 0.032062
0.034049 0.032163
0.034104 0.032146
0.034092 0.032153
0.034111 0.032084
0.034134 0.032185
0.034191 0.032209
0.034254 0.032249
0.034238 0.032231
0.034195 0.032301
0.034147 0.032261
0.034189 0.032404
0.034225 0.032394
0.034271 0.032444
0.034295 0.032451
0.034319 0.032595
0.034424 0.032805
0.034407 0.032842
0.034431 0.032977
0.034414 0.033051
0.034420 0.033106
0.034426 0.033078
0.034445 0.033094
0.034525 0.033150
0.034543 0.033211
0.034623 0.033359
0.034667 0.033321
0.034633 0.033278
0.034664 0.033235
0.034600 0.033212
0.034583 0.033280
0.034552 0.033353
0.034502 0.033275
0.034496 0.033273
0.034542 0.033279
0.034545 0.033290
0.034533 0.033333
0.034551 0.033352
0.034548 0.033356
0.034473 0.033339
0.034385 0.033349
0.034455 0.033391
0.034467 0.033369
0.034518 0.033339
0.034509 0.033287
0.034491 0.033307
0.034488 0.033368
0.034483 0.033242
0.034471 0.033265
0.034483 0.033193
0.034533 0.033296
0.034531 0.033295
0.034519 0.033204
0.034507 0.033103
0.034504 0.033050
0.034527 0.033110
0.034478 0.033114
0.034468 0.033098
0.034487 0.033102
0.034461 0.033145
0.034433 0.033141
0.034447 0.033219
0.034467 0.033229
0.034512 0.033210
0.034517 0.033213
0.034533 0.033274
0.034531 0.033282
0.034520 0.033255
0.034505 0.033237
0.034479 0.033217
0.034489 0.033226
0.034465 0.033274
0.034470 0.033270
0.034314 0.033052
0.034209 0.032938
0.034096 0.032883
0.034014 0.032938
0.033993 0.032961
0.033939 0.032761
0.033929 0.032744
0.033882 0.032737
0.033883 0.032647
0.033856 0.032438
0.033956 0.032365
0.033923 0.032307
0.033945 0.032365
0.033960 0.032396
0.033964 0.032516
0.033999 0.032585
0.034022 0.032639
0.034084 0.032691
0.034154 0.032742
0.034221 0.032798
0.034236 0.032780
0.034258 0.032692
0.034220 0.032644
0.034217 0.032656
0.034237 0.032615
0.034239 0.032596
0.034189 0.032663
0.034172 0.032745
0.034138 0.032679
0.034160 0.032638
0.034168 0.032564
0.034137 0.032686
0.034141 0.032916
0.034248 0.033000
0.034291 0.033006
0.034356 0.033151
0.034402 0.033158
0.034366 0.033165
0.034486 0.033140
0.034511 0.033078
0.034542 0.032976
0.034608 0.033011
0.034546 0.032868
0.034555 0.032839
0.034532 0.032788
0.034508 0.032729
0.034410 0.032742
0.034232 0.032688
0.034273 0.032769
0.034342 0.032782
0.034358 0.032814
0.034426 0.032783
0.034327 0.032704
0.034198 0.032663
0.034165 0.032659
0.034215 0.032677
0.034304 0.032722
0.034216 0.032500
0.034113 0.032259
0.034080 0.032241
0.034028 0.032187
0.034067 0.032222
0.034211 0.032418
0.034214 0.032421
0.034170 0.032324
0.034136 0.032168
0.034138 0.032127
0.034068 0.032032
0.033970 0.031973
0.033867 0.031859
0.033866 0.031852
0.033854 0.031819
0.033825 0.031820
0.033864 0.031968
0.033864 0.031988
0.033820 0.031899
0.033787 0.031779
0.033784 0.031684
0.033800 0.031751
0.033794 0.031791
0.033814 0.031755
0.033815 0.031702
0.033828 0.031673
0.033859 0.031708
0.033805 0.031692
0.033828 0.031693
0.033883 0.031766
0.033937 0.031783
0.033969 0.031719
0.033926 0.031668
0.033985 0.031709
0.034058 0.031664
0.034088 0.031639
0.034176 0.031807
0.034103 0.031737
0.034057 0.031641
0.033992 0.031618
0.034066 0.031734
0.034060 0.031685
0.034131 0.031707
0.034202 0.031683
0.034154 0.031658
0.034083 0.031667
0.034015 0.031677
0.034036 0.031658
0.034032 0.031709
0.033984 0.031637
0.033956 0.031667
0.034026 0.031749
0.034096 0.031800
0.034021 0.031765
0.034000 0.031745
0.034096 0.031810
0.034159 0.031882
0.034150 0.031886
0.034125 0.031839
0.034099 0.031766
0.034068 0.031651
0.034086 0.031751
0.034031 0.031671
0.034092 0.031621
0.034151 0.031573
0.034149 0.031327
0.034127 0.031318
0.034120 0.031300
0.034068 0.031180
0.034058 0.031104
0.034045 0.031112
0.034053 0.031121
0.034034 0.031009
0.034033 0.030956
0.034020 0.030913
0.034078 0.030951
0.034079 0.030858
0.033986 0.030788
0.033985 0.030687
0.033968 0.030579
0.033944 0.030593
0.033898 0.030513
0.033953 0.030622
0.033993 0.030666
0.034005 0.030745
0.033907 0.030819
0.033886 0.030924
0.033879 0.031017
0.033890 0.031173
0.033892 0.031249
0.033923 0.031377
0.033972 0.031347
0.034035 0.031340
0.034128 0.031383
0.034133 0.031340
0.034138 0.031411
0.034039 0.031418
0.033928 0.031556
0.033821 0.031656
0.033780 0.031798
0.033771 0.032032
0.033821 0.031994
0.033940 0.032072
0.033977 0.032079
0.033970 0.032016
0.033892 0.032001
0.033795 0.032157
0.033834 0.032259
0.033969 0.032407
0.034027 0.032329
0.034068 0.032256
0.033893 0.032209
0.034088 0.032392
0.034213 0.032290
0.034212 0.032153
0.034165 0.032128
0.034084 0.032095
0.033942 0.031835
0.033945 0.031667
0.033899 0.031700
0.033837 0.031776
0.033922 0.031892
0.033893 0.032017
0.033831 0.032116
0.033720 0.032147
0.033676 0.032140
0.033699 0.032176
0.033653 0.032070
0.033628 0.032050
0.033749 0.032089
0.033833 0.032166
0.033854 0.032184
0.033976 0.032069
0.034060 0.032030
0.034117 0.032065
0.034228 0.031963
0.034267 0.031945
0.034294 0.031982
0.034337 0.032011
0.034385 0.032010
0.034341 0.032001
0.034355 0.032046
0.034379 0.031960
0.034360 0.031919
0.034223 0.031849
0.034235 0.031829
0.034200 0.031878
0.034217 0.031889
0.034270 0.032082
0.034233 0.032246
0.034230 0.032194
0.034219 0.032196
0.034237 0.032209
0.034328 0.032309
0.034359 0.032353
0.034349 0.032330
0.034342 0.032250
0.034345 0.032266
0.034358 0.032279
0.034368 0.032347
0.034371 0.032409
0.034317 0.032373
0.034355 0.032485
0.034402 0.032591
0.034437 0.032643
0.034399 0.032563
0.034399 0.032586
0.034392 0.032531
0.034372 0.032540
0.034373 0.032576
0.034378 0.032577
0.034359 0.032644
0.034383 0.032684
0.034401 0.032686
0.034382 0.032634
0.034403 0.032692
0.034472 0.032721
0.034498 0.032696
0.034514 0.032709
0.034489 0.032741
0.034465 0.032723
0.034430 0.032668
0.034428 0.032673
0.034504 0.032718
0.034485 0.032702
0.034496 0.032699
0.034526 0.032725
0.034467 0.032632
0.034458 0.032591
0.034408 0.032506
0.034416 0.032485
0.034403 0.032420
0.034434 0.032436
0.034489 0.032583
0.034492 0.032521
0.034506 0.032477
0.034507 0.032501
0.034505 0.032513
0.034494 0.032461
0.034531 0.032557
0.034500 0.032496
0.034476 0.032538
0.034461 0.032559
0.034416 0.032517
0.034435 0.032520
0.034438 0.032560
0.034346 0.032407
0.034330 0.032421
0.034321 0.032385
0.034390 0.032496
0.034331 0.032450
0.034289 0.032412
0.034356 0.032559
0.034381 0.032567
0.034441 0.032606
0.034477 0.032647
0.034471 0.032704
0.034435 0.032610
0.034352 0.032575
0.034290 0.032557
0.034219 0.032535
0.034188 0.032612
0.034222 0.032624
0.034273 0.032676
0.034240 0.032695
0.034266 0.032628
0.034276 0.032694
0.034253 0.032635
0.034302 0.032695
0.034316 0.032659
0.034314 0.032670
0.034296 0.032669
0.034268 0.032594
0.034344 0.032620
0.034234 0.032528
0.034294 0.032495
0.034257 0.032496
0.034187 0.032453
0.034282 0.032524
0.034256 0.032518
0.034172 0.032488
0.034196 0.032443
0.034164 0.032476
0.034099 0.032409
0.034027 0.032400
0.034052 0.032341
0.034038 0.032379
0.034014 0.032412
0.034085 0.032366
0.033998 0.032308
0.034004 0.032300
0.034039 0.032314
0.034042 0.032378
0.033963 0.032335
0.033934 0.032295
0.033981 0.032355
0.033936 0.032349
0.033939 0.032392
0.033953 0.032408
0.033911 0.032343
0.033874 0.032359
0.033939 0.032378
0.033958 0.032302
0.033945 0.032252
0.033929 0.032242
0.033907 0.032200
0.033876 0.032235
0.033845 0.032209
0.033823 0.032210
0.033800 0.032162
0.033748 0.032105
0.033761 0.032131
0.033795 0.032065
0.033786 0.032061
0.033791 0.032014
0.033828 0.032074
0.033831 0.032073
0.033879 0.032130
0.033850 0.032094
0.033818 0.032083
0.033821 0.032029
0.033916 0.032055
0.033891 0.032044
0.033857 0.032025
0.033874 0.032025
0.033942 0.032023
0.033996 0.031984
0.034074 0.031998
0.034154 0.032047
0.034211 0.032039
0.034301 0.032107
0.034322 0.032099
0.034276 0.032095
0.034291 0.032115
0.034316 0.032117
0.034379 0.032170
0.034303 0.032089
0.034243 0.032104
0.034253 0.031997
0.034199 0.032013
0.034173 0.032099
0.034249 0.032199
0.034269 0.032206
0.034276 0.032272
0.034230 0.032197
0.034159 0.032153
0.034102 0.032109
0.034164 0.032091
0.034172 0.032083
0.034178 0.032108
0.034095 0.032122
0.034115 0.032152
0.034121 0.032126
0.034080 0.032121
0.034114 0.032121
0.034043 0.032102
0.034045 0.032044
0.034066 0.032062
0.034142 0.032035
0.034098 0.031959
0.034103 0.031959
0.034159 0.032003
0.034176 0.032055
0.034202 0.032129
0.034180 0.032127
0.034222 0.032318
0.034206 0.032327
0.034241 0.032292
0.034135 0.032304
0.034227 0.032351
0.034294 0.032459
0.034313 0.032471
0.034247 0.032507
0.034229 0.032448
0.034254 0.032453
0.034193 0.032373
0.034169 0.032403
0.034145 0.032358
0.034153 0.032375
0.034183 0.032344
0.034188 0.032350
0.034146 0.032355
0.034077 0.032370
0.034099 0.032402
0.034038 0.032374
0.034036 0.032362
0.034114 0.032440
0.034067 0.032420
0.034094 0.032422
0.034054 0.032419
0.034044 0.032435
0.034165 0.032540
0.034219 0.032476
0.034168 0.032426
0.034212 0.032443
0.034265 0.032478
0.034216 0.032468
0.034184 0.032460
0.034194 0.032402
0.034246 0.032428
0.034194 0.032466
0.034196 0.032496
0.034215 0.032479
0.034220 0.032457
0.034221 0.032397
0.034249 0.032372
0.034128 0.032361
0.034036 0.032335
0.034089 0.032359
0.034139 0.032399
0.034120 0.032389
0.034197 0.032437
0.034289 0.032492
0.034299 0.032512
0.034262 0.032469
0.034263 0.032472
0.034339 0.032541
0.034338 0.032518
0.034298 0.032541
0.034282 0.032518
0.034258 0.032566
0.034276 0.032576
0.034295 0.032564
0.034265 0.032468
0.034268 0.032557
0.034255 0.032570
0.034262 0.032556
0.034254 0.032526
0.034233 0.032449
0.034216 0.032471
0.034213 0.032479
0.034206 0.032477
0.034223 0.032467
0.034222 0.032459
0.034220 0.032440
0.034211 0.032463
0.034178 0.032435
0.034102 0.032436
0.034058 0.032372
0.034162 0.032402
0.034122 0.032369
0.034100 0.032428
0.034163 0.032438
0.034167 0.032416
0.034119 0.032401
0.034159 0.032458
0.034049 0.032389
0.034050 0.032363
0.034105 0.032428
0.034040 0.032420
0.033957 0.032324
0.033938 0.032337
0.033956 0.032316
0.033970 0.032247
0.033930 0.032216
0.033908 0.032192
0.033909 0.032187
0.033974 0.032197
0.033981 0.032160
0.033947 0.032131
0.033956 0.032109
0.033984 0.032126
0.033990 0.032100
0.033944 0.032052
0.033987 0.032003
0.034084 0.032049
0.034050 0.032024
0.034002 0.032065
0.033879 0.032111
0.033953 0.032160
0.033921 0.032147
0.033931 0.032162
0.033984 0.032174
0.033921 0.032074
0.033972 0.032089
0.033933 0.032080
0.033864 0.032067
0.033881 0.032114
0.033962 0.032156
0.033959 0.032212
0.033934 0.032216
0.033856 0.032150
0.033956 0.032198
0.033912 0.032163
0.033870 0.032125
0.033899 0.032101
0.033894 0.032087
0.033959 0.032152
0.033969 0.032158
0.033989 0.032227
0.033968 0.032256
0.034012 0.032273
0.034012 0.032267
0.033993 0.032233
0.033973 0.032199
0.033986 0.032225
0.034006 0.032256
0.033925 0.032208
0.033921 0.032215
0.033990 0.032243
0.033989 0.032241
0.033989 0.032221
0.033950 0.032206
0.033885 0.032221
0.033852 0.032234
0.033911 0.032271
0.033829 0.032184
0.033809 0.032211
0.033924 0.032223
0.033900 0.032232
0.034016 0.032287
0.034110 0.032272
0.034109 0.032205
0.034002 0.032228
0.034093 0.032269
0.034011 0.032260
0.033992 0.032228
0.034024 0.032218
0.034056 0.032197
0.034024 0.032152
0.033963 0.032124
0.033998 0.032045
0.034017 0.031989
0.033987 0.031962
0.034016 0.031951
0.033990 0.031968
0.034000 0.031949
0.034086 0.031977
0.034089 0.031985
0.034021 0.031935
0.034054 0.031981
0.034129 0.032029
0.034257 0.032060
0.034344 0.032063
0.034354 0.032147
0.034380 0.032159
0.034365 0.032147
0.034359 0.032214
0.034375 0.032154
0.034312 0.032116
0.034314 0.032126
0.034293 0.032047
0.034278 0.031994
0.034254 0.031918
0.034257 0.031933
0.034223 0.031887
0.034205 0.031869
0.034251 0.031855
0.034285 0.031843
0.034199 0.031853
0.034205 0.031871
0.034243 0.031902
0.034301 0.031930
0.034341 0.032010
0.034368 0.032011
0.034359 0.032043
0.034390 0.032138
0.034328 0.032074
0.034358 0.032086
0.034336 0.032175
0.034325 0.032234
0.034239 0.032113
0.034306 0.032119
0.034320 0.032092
0.034374 0.032097
0.034287 0.032017
0.034261 0.032065
0.034283 0.032039
0.034260 0.032069
0.034198 0.032034
0.034164 0.032015
0.034177 0.032014
0.034170 0.031941
0.034176 0.031848
0.034210 0.031943
0.034226 0.031939
0.034181 0.031786
0.034195 0.031814
0.034214 0.031897
0.034186 0.031915
0.034161 0.031955
0.034214 0.031957
0.034263 0.032015
0.034259 0.031971
0.034212 0.031878
0.034175 0.031936
0.034148 0.031944
0.034164 0.032012
0.034125 0.032030
0.034147 0.032081
0.034191 0.032140
0.034184 0.032121
0.034141 0.032027
0.034070 0.031973
0.034126 0.031988
0.034099 0.032006
0.034020 0.031914
0.033990 0.031971
0.033972 0.031995
0.033995 0.032018
0.033975 0.032015
0.034017 0.032031
0.034209 0.032184
0.034244 0.032214
0.034148 0.032140
0.034123 0.032142
0.033989 0.032181
0.033947 0.032142
0.033887 0.032179
0.033903 0.032265
0.033974 0.032298
0.033939 0.032232
0.033967 0.032176
0.034012 0.032125
0.034060 0.032114
0.034115 0.032190
0.034121 0.032265
0.034116 0.032294
0.034205 0.032349
0.034162 0.032382
0.034143 0.032314
0.034082 0.032339
0.034146 0.032337
0.034136 0.032331
0.034156 0.032339
0.034182 0.032393
0.034184 0.032393
0.034193 0.032336
0.034245 0.032388
0.034333 0.032457
0.034338 0.032485
0.034286 0.032427
0.034258 0.032378
0.034329 0.032447
0.034338 0.032492
0.034358 0.032553
0.034329 0.032546
0.034344 0.032632
0.034363 0.032640
0.034374 0.032587
0.034338 0.032517
0.034381 0.032555
0.034389 0.032575
0.034411 0.032508
0.034369 0.032488
0.034312 0.032524
0.034311 0.032511
0.034339 0.032542
0.034314 0.032475
0.034290 0.032417
0.034251 0.032364
0.034250 0.032363
0.034293 0.032311
0.034227 0.032243
0.034229 0.032250
0.034207 0.032233
0.034146 0.032148
0.034159 0.032154
0.034046 0.032101
0.034095 0.032113
0.034018 0.032062
0.034101 0.032095
0.034084 0.032124
0.034031 0.032076
0.034028 0.032070
0.034034 0.032095
0.033996 0.032065
0.034057 0.032063
0.034056 0.032047
0.034042 0.032098
0.034006 0.032077
0.033982 0.032076
0.034018 0.032047
0.033968 0.032017
0.033998 0.031989
0.033972 0.031974
0.033945 0.031896
0.033966 0.031869
0.033974 0.031879
0.033928 0.031836
0.033909 0.031816
0.033920 0.031802
0.033923 0.031813
0.033859 0.031811
0.033890 0.031828
0.033885 0.031868
0.033899 0.031911
0.033874 0.031956
0.033864 0.031994
0.033872 0.031980
0.033886 0.032010
0.033868 0.032018
0.033833 0.032056
0.033753 0.031882
