0.031893 0.033630
0.031869 0.033671
0.031845 0.033742
0.031794 0.033703
0.031737 0.033719
0.031726 0.033762
0.031783 0.033820
0.031857 0.033848
0.031866 0.033796
0.031901 0.033737
0.031891 0.033760
0.031920 0.033827
0.031881 0.033798
0.031899 0.033740
0.031908 0.033702
0.031907 0.033660
0.031881 0.033570
0.031863 0.033523
0.031803 0.033514
0.031789 0.033538
0.031759 0.033539
0.031762 0.033598
0.031717 0.033525
0.031668 0.033505
0.031687 0.033514
0.031731 0.033517
0.031748 0.033569
0.031702 0.033622
0.031630 0.033680
0.031535 0.033617
0.031405 0.033438
0.031346 0.033321
0.031301 0.033221
0.031301 0.033285
0.031281 0.033375
0.031241 0.033331
0.031205 0.033248
0.031170 0.033229
0.031119 0.033453
0.031072 0.033383
0.031177 0.033415
0.031116 0.033381
0.031074 0.033409
0.031039 0.033365
0.030949 0.033267
0.030933 0.033253
0.030910 0.033350
0.030905 0.033277
0.031007 0.033237
0.030944 0.033287
0.031001 0.033257
0.031041 0.033255
0.031048 0.033208
0.031013 0.033186
0.030960 0.033104
0.030918 0.033033
0.030912 0.032955
0.030886 0.032838
0.030869 0.032829
0.030855 0.032846
0.030939 0.032798
0.030951 0.032834
0.030924 0.032889
0.030970 0.032906
0.030910 0.032939
0.030868 0.032984
0.030856 0.032963
0.030830 0.033032
0.030836 0.033001
0.030841 0.033010
0.030800 0.033033
0.030823 0.033043
0.030899 0.033097
0.030915 0.033149
0.030922 0.032961
0.030905 0.032907
0.030921 0.032875
0.030854 0.032864
0.030888 0.032799
0.030879 0.032844
0.030894 0.032891
0.031011 0.032806
0.030959 0.032834
0.030899 0.032858
0.030946 0.032893
0.030936 0.033006
0.030985 0.033092
0.031090 0.033089
0.031060 0.033101
0.031066 0.033120
0.031069 0.033106
0.031015 0.033093
0.031033 0.033082
0.031025 0.032965
0.031075 0.033001
0.031148 0.033048
0.031182 0.033187
0.031258 0.033253
0.031399 0.033130
0.031263 0.033041
0.031266 0.033179
0.031215 0.033112
0.031203 0.033179
0.031178 0.033173
0.031224 0.033306
0.031292 0.033327
0.031217 0.033334
0.031087 0.033295
0.031129 0.033361
0.031021 0.033363
0.031128 0.033295
0.031068 0.033312
0.031085 0.033261
0.031072 0.033258
0.031051 0.033262
0.030982 0.033215
0.030938 0.033140
0.030851 0.033108
0.030869 0.033062
0.030869 0.033056
0.030877 0.032994
0.030802 0.032951
0.030775 0.032957
0.030722 0.032976
0.030735 0.033033
0.030743 0.033151
0.030751 0.033283
0.030693 0.033144
0.030675 0.033186
0.030698 0.033238
0.030646 0.033269
0.030648 0.033269
0.030692 0.033335
0.030707 0.033292
0.030755 0.033307
0.030828 0.033333
0.030878 0.033337
0.030894 0.033321
0.030883 0.033286
0.030856 0.033301
0.030842 0.033276
0.030819 0.033272
0.030832 0.033286
0.030791 0.033281
0.030801 0.033288
0.030784 0.033301
0.030777 0.033292
0.030753 0.033262
0.030710 0.033257
0.030717 0.033261
0.030749 0.033287
0.030747 0.033265
0.030696 0.033262
0.030706 0.033302
0.030687 0.033322
0.030692 0.033306
0.030675 0.033332
0.030649 0.033299
0.030627 0.033298
0.030590 0.033251
0.030573 0.033266
0.030562 0.033237
0.030576 0.033190
0.030555 0.033245
0.030578 0.033205
0.030573 0.033197
0.030552 0.033163
0.030537 0.033104
0.030509 0.033051
0.030509 0.033060
0.030512 0.033024
0.030562 0.033042
0.030559 0.033014
0.030535 0.033004
0.030594 0.033043
0.030591 0.033051
0.030630 0.033074
0.030760 0.033065
0.030851 0.033143
0.030929 0.033148
0.030696 0.033048
0.030662 0.032987
0.030674 0.032958
0.030648 0.032954
0.030700 0.033051
0.030692 0.033097
0.030654 0.033140
0.030655 0.033183
0.030621 0.033181
0.030637 0.033221
0.030649 0.033127
0.030628 0.033248
0.030676 0.033288
0.030637 0.033272
0.030686 0.033285
0.030694 0.033268
0.030665 0.033190
0.030636 0.033133
0.030597 0.033127
0.030540 0.033179
0.030509 0.033160
0.030563 0.033247
0.030507 0.033122
0.030522 0.033106
0.030529 0.033224
0.030513 0.033178
0.030568 0.033137
0.030597 0.033159
0.030643 0.033124
0.030688 0.033161
0.030659 0.033164
0.030623 0.033137
0.030621 0.033138
0.030588 0.033117
0.030618 0.033060
0.030562 0.033136
0.030573 0.033026
0.030577 0.033040
0.030629 0.033066
0.030687 0.033141
0.030665 0.033224
0.030645 0.033245
0.030683 0.033241
0.030698 0.033233
0.030720 0.033317
0.030725 0.033338
0.030659 0.033311
0.030642 0.033342
0.030670 0.033290
0.030690 0.033284
0.030712 0.033265
0.030719 0.033263
0.030682 0.033190
0.030659 0.033233
0.030683 0.033291
0.030646 0.033204
0.030654 0.033252
0.030645 0.033294
0.030631 0.033223
0.030628 0.033189
0.030596 0.033211
0.030550 0.033289
0.030588 0.033277
0.030556 0.033210
0.030547 0.033204
0.030535 0.033253
0.030557 0.033267
0.030586 0.033227
0.030637 0.033252
0.030528 0.033205
0.030546 0.033285
0.030527 0.033292
0.030515 0.033336
0.030483 0.033249
0.030581 0.033369
0.030522 0.033462
0.030500 0.033436
0.030515 0.033478
0.030507 0.033479
0.030485 0.033480
0.030510 0.033453
0.030503 0.033474
0.030534 0.033484
0.030580 0.033436
0.030496 0.033466
0.030491 0.033460
0.030488 0.033351
0.030400 0.033381
0.030390 0.033397
0.030341 0.033413
0.030363 0.033427
0.030306 0.033405
0.030311 0.033386
0.030247 0.033441
0.030247 0.033390
0.030267 0.033439
0.030207 0.033442
0.030259 0.033504
0.030322 0.033526
0.030351 0.033576
0.030293 0.033568
0.030346 0.033524
0.030305 0.033521
0.030306 0.033435
0.030307 0.033409
0.030271 0.033387
0.030287 0.033430
0.030322 0.033471
0.030310 0.033453
0.030302 0.033471
0.030354 0.033494
0.030456 0.033484
0.030417 0.033476
0.030425 0.033408
0.030459 0.033448
0.030475 0.033436
0.030501 0.033434
0.030471 0.033430
0.030422 0.033411
0.030418 0.033433
0.030405 0.033562
0.030367 0.033465
0.030360 0.033445
0.030412 0.033505
0.030431 0.033471
0.030357 0.033511
0.030359 0.033465
0.030360 0.033505
0.030340 0.033574
0.030276 0.033517
0.030238 0.033604
0.030193 0.033557
0.030225 0.033604
0.030250 0.033639
0.030246 0.033772
0.030244 0.033764
0.030205 0.033726
0.030216 0.033675
0.030323 0.033647
0.030321 0.033742
0.030334 0.033764
0.030290 0.033725
0.030283 0.033723
0.030311 0.033777
0.030349 0.033854
0.030325 0.033685
0.030388 0.033677
0.030371 0.033671
0.030348 0.033643
0.030331 0.033676
0.030383 0.033808
0.030324 0.033860
0.030320 0.033863
0.030341 0.033857
0.030307 0.033869
0.030288 0.033906
0.030348 0.033952
0.030362 0.033977
0.030349 0.034046
0.030240 0.034107
0.030280 0.034095
0.030220 0.034030
0.030290 0.033995
0.030331 0.033996
0.030369 0.033835
0.030368 0.033790
0.030373 0.033786
0.030368 0.033739
0.030409 0.033693
0.030434 0.033772
0.030428 0.033729
0.030494 0.033665
0.030468 0.033662
0.030510 0.033648
0.030504 0.033598
0.030522 0.033625
0.030464 0.033693
0.030449 0.033669
0.030514 0.033656
0.030458 0.033620
0.030455 0.033628
0.030443 0.033683
0.030502 0.033802
0.030507 0.033788
0.030578 0.033800
0.030559 0.033716
0.030567 0.033750
0.030506 0.033688
0.030526 0.033647
0.030529 0.033679
0.030537 0.033672
0.030561 0.033666
0.030533 0.033707
0.030554 0.033777
0.030539 0.033854
0.030598 0.033803
0.030622 0.033832
0.030698 0.033802
0.030740 0.033899
0.030741 0.033911
0.030701 0.033825
0.030674 0.033826
0.030714 0.033864
0.030696 0.033861
0.030743 0.033902
0.030718 0.033936
0.030700 0.033846
0.030641 0.033798
0.030598 0.033828
0.030544 0.033866
0.030533 0.033837
0.030489 0.033841
0.030484 0.033788
0.030501 0.033772
0.030540 0.033717
0.030622 0.033681
0.030593 0.033742
0.030528 0.033736
0.030502 0.033750
0.030493 0.033685
0.030514 0.033582
0.030567 0.033575
0.030609 0.033535
0.030629 0.033506
0.030621 0.033565
0.030573 0.033528
0.030658 0.033495
0.030691 0.033420
0.030608 0.033309
0.030552 0.033235
0.030539 0.033303
0.030515 0.033278
0.030480 0.033291
0.030453 0.033287
0.030439 0.033299
0.030453 0.033247
0.030437 0.033171
0.030439 0.033199
0.030357 0.033104
0.030361 0.033096
0.030405 0.033084
0.030447 0.033008
0.030483 0.032984
0.030466 0.032935
0.030430 0.032901
0.030385 0.032892
0.030334 0.032903
0.030287 0.032915
0.030297 0.032940
0.030287 0.032943
0.030205 0.033011
0.030167 0.033055
0.030139 0.033049
0.030118 0.033117
0.030126 0.033182
0.030162 0.033225
0.030203 0.033184
0.030264 0.033198
0.030299 0.033210
0.030371 0.033261
0.030464 0.033284
0.030546 0.033310
0.030498 0.033287
0.030449 0.033238
0.030427 0.033255
0.030486 0.033256
0.030492 0.033195
0.030502 0.033254
0.030492 0.033269
0.030478 0.033296
0.030568 0.033295
0.030582 0.033289
0.030527 0.033266
0.030522 0.033195
0.030480 0.033225
0.030391 0.033136
0.030351 0.033054
0.030313 0.033069
0.030248 0.033132
0.030114 0.033108
0.030162 0.033074
0.030109 0.033073
0.030115 0.033049
0.030114 0.033092
0.030186 0.033077
0.030246 0.033076
0.030271 0.033090
0.030367 0.033097
0.030336 0.033117
0.030325 0.033193
0.030365 0.033307
0.030379 0.033268
0.030410 0.033253
0.030376 0.033258
0.030426 0.033299
0.030306 0.033283
0.030325 0.033309
0.030372 0.033267
0.030342 0.033335
0.030386 0.033402
0.030346 0.033432
0.030556 0.033422
0.030687 0.033467
0.031059 0.033467
0.030951 0.033456
0.030849 0.033374
0.030917 0.033506
0.031539 0.033685
0.031466 0.033828
0.031050 0.033918
0.030938 0.034187
0.031012 0.034197
0.031072 0.034232
0.031114 0.034000
0.031025 0.033573
0.031010 0.033377
0.031068 0.033476
0.031090 0.033739
0.031108 0.033807
0.031095 0.033832
0.031177 0.033860
0.031205 0.033821
0.031322 0.033720
0.031364 0.033705
0.031468 0.033761
0.031438 0.033776
0.031328 0.033816
0.031357 0.033890
0.031395 0.033925
0.031429 0.033957
0.031377 0.033877
0.031327 0.033879
0.031227 0.033966
0.031273 0.033976
0.031204 0.034052
0.031056 0.034068
0.030956 0.034039
0.030860 0.033901
0.030930 0.033996
0.031040 0.033847
0.031029 0.033814
0.031017 0.033860
0.031072 0.033960
0.031060 0.033941
0.031362 0.034230
0.031191 0.034311
0.031198 0.034444
0.031312 0.034517
0.031423 0.034477
0.031228 0.034187
0.031120 0.034038
0.031045 0.034057
0.031058 0.034156
0.031087 0.034251
0.031078 0.034201
0.031130 0.034189
0.031197 0.034046
0.031258 0.034041
0.031230 0.034008
0.031258 0.034035
0.031324 0.033979
0.031346 0.033974
0.031302 0.033982
0.031324 0.034069
0.031314 0.034100
0.031316 0.034163
0.031256 0.034179
0.031219 0.034185
0.031267 0.034157
0.031284 0.034254
0.031425 0.034329
0.031363 0.034330
0.031342 0.034329
0.031364 0.034317
0.031365 0.034371
0.031368 0.034451
0.031420 0.034475
0.031362 0.034503
0.031346 0.034515
0.031315 0.034510
0.031344 0.034487
0.031254 0.034481
0.031352 0.034520
0.031399 0.034505
0.031397 0.034461
0.031410 0.034504
0.031453 0.034474
0.031348 0.034521
0.031275 0.034480
0.031288 0.034480
0.031299 0.034389
0.031294 0.034321
0.031264 0.034316
0.031315 0.034324
0.031333 0.034349
0.031534 0.034463
0.031522 0.034562
0.031473 0.034517
0.031406 0.034645
0.031434 0.034614
0.031383 0.034612
0.031280 0.034688
0.031248 0.034641
0.031138 0.034650
0.031132 0.034560
0.031160 0.034586
0.031211 0.034556
0.031261 0.034606
0.031260 0.034694
0.031127 0.034710
0.031175 0.034686
0.031131 0.034759
0.031074 0.034794
0.031039 0.034777
0.031060 0.034869
0.030996 0.034979
0.030985 0.035030
0.030948 0.034971
0.031008 0.035058
0.031029 0.035051
0.031090 0.035149
0.031148 0.035063
0.031144 0.035114
0.031135 0.035109
0.031100 0.035120
0.031113 0.035201
0.031157 0.035202
0.031199 0.035304
0.031180 0.035345
0.031227 0.035365
0.031318 0.035315
0.031403 0.035297
0.031429 0.035206
0.031509 0.035228
0.031556 0.035234
0.031558 0.035265
0.031617 0.035245
0.031653 0.035326
0.031726 0.035379
0.031630 0.035337
0.031585 0.035363
0.031528 0.035289
0.031567 0.035258
0.031574 0.035216
0.031562 0.035196
0.031532 0.035088
0.031546 0.034992
0.031482 0.034934
0.031360 0.034972
0.031315 0.034946
0.031249 0.035021
0.031236 0.035052
0.031189 0.034962
0.031117 0.034958
0.031151 0.034953
0.031141 0.035073
0.031056 0.035102
0.031063 0.035104
0.031074 0.035114
0.031075 0.035160
0.031127 0.035204
0.031140 0.035176
0.031022 0.035105
0.030914 0.035149
0.030837 0.035115
0.030751 0.035106
0.030754 0.035026
0.030797 0.034954
0.030810 0.035027
0.030857 0.034973
0.030828 0.034995
0.030876 0.034932
0.030858 0.035022
0.030895 0.035088
0.030827 0.035114
0.030755 0.035141
0.030810 0.035206
0.030752 0.035203
0.030774 0.035189
0.030668 0.035097
0.030634 0.035184
0.030707 0.035187
0.030822 0.035133
0.030978 0.035178
0.030802 0.035208
0.030463 0.035260
0.030576 0.035214
0.030581 0.035109
0.030527 0.034975
0.030583 0.034881
0.030699 0.034889
0.030791 0.034882
0.031000 0.034921
0.031064 0.034920
0.031012 0.034895
0.030984 0.035013
0.031001 0.034966
0.031114 0.035063
0.031267 0.035011
0.031264 0.035085
0.031192 0.035032
0.031156 0.035077
0.031099 0.034987
0.031091 0.034975
0.031101 0.035063
0.031178 0.035063
0.031229 0.035025
0.031049 0.035004
0.030885 0.034814
0.030852 0.034777
0.030899 0.034651
0.030785 0.034551
0.030800 0.034519
0.030818 0.034461
0.030969 0.034610
0.030963 0.034723
0.030768 0.034833
0.030633 0.034956
0.030604 0.034900
0.030517 0.034809
0.030499 0.034741
0.030511 0.034795
0.030673 0.034744
0.030659 0.034610
0.030665 0.034631
0.030650 0.034562
0.030755 0.034546
0.030678 0.034466
0.030687 0.034578
0.030658 0.034680
0.030793 0.034680
0.030937 0.034773
0.030931 0.034538
0.030910 0.034522
0.030996 0.034461
0.030962 0.034405
0.030940 0.034336
0.030964 0.034348
0.030946 0.034335
0.030999 0.034313
0.030957 0.034399
0.030833 0.034413
0.030775 0.034426
0.030839 0.034480
0.030836 0.034472
0.030861 0.034430
0.030993 0.034391
0.031135 0.034483
0.031135 0.034464
0.031106 0.034436
0.031051 0.034294
0.031101 0.034306
0.031136 0.034325
0.031128 0.034414
0.031096 0.034395
0.031136 0.034550
0.031134 0.034739
0.031149 0.034664
0.031219 0.034611
0.031262 0.034644
0.031276 0.034792
0.031281 0.034711
0.031269 0.034651
0.031237 0.034577
0.031296 0.034496
0.031125 0.034356
0.031068 0.034436
0.030947 0.034421
0.030930 0.034533
0.030949 0.034523
0.030900 0.034457
0.030896 0.034513
0.030896 0.034461
0.030908 0.034421
0.030928 0.034440
0.030900 0.034314
0.031008 0.034264
0.030977 0.034270
0.030970 0.034289
0.030905 0.034313
0.030916 0.034339
0.030882 0.034397
0.030894 0.034411
0.030838 0.034376
0.030839 0.034334
0.030840 0.034280
0.030828 0.034247
0.030788 0.034268
0.030791 0.034271
0.030804 0.034202
0.030820 0.034162
0.030834 0.034158
0.030830 0.034118
0.030796 0.034213
0.030757 0.034185
0.030735 0.034263
0.030761 0.034144
0.030766 0.034192
0.030799 0.034044
0.030771 0.034013
0.030818 0.033920
0.030881 0.034079
0.030891 0.033958
0.030873 0.033857
0.030918 0.033929
0.030837 0.033835
0.030827 0.033854
0.030902 0.033887
0.030888 0.033953
0.030912 0.033827
0.030939 0.033756
0.030956 0.033703
0.030989 0.033597
0.031004 0.033438
0.031021 0.033396
0.031046 0.033420
0.031045 0.033464
0.031074 0.033417
0.031089 0.033430
0.031121 0.033529
0.031109 0.033570
0.031099 0.033639
0.031123 0.033587
0.031186 0.033603
0.031211 0.033531
0.031226 0.033540
0.031306 0.033535
0.031294 0.033542
0.031232 0.033530
0.031276 0.033544
0.031259 0.033657
0.031303 0.033733
0.031358 0.033688
0.031272 0.033712
0.031233 0.033662
0.031186 0.033605
0.031214 0.033655
0.031116 0.033622
0.031122 0.033686
0.031069 0.033662
0.031097 0.033686
0.031167 0.033743
0.031108 0.033663
0.031163 0.033592
0.031091 0.033621
0.031110 0.033654
0.031156 0.033620
0.031094 0.033647
0.031247 0.033654
0.031373 0.033626
0.031499 0.033602
0.031777 0.033932
0.031290 0.033867
0.031330 0.033696
0.031306 0.033550
0.031284 0.033451
0.031304 0.033461
0.031364 0.033418
0.031378 0.033441
0.031452 0.033480
0.031522 0.033451
0.031691 0.033453
0.031750 0.033402
0.031666 0.033431
0.031685 0.033402
0.031697 0.033313
0.031657 0.033310
0.031565 0.033277
0.031489 0.033337
0.031483 0.033323
0.031416 0.033295
0.031461 0.033287
0.031409 0.033305
0.031409 0.033311
0.031367 0.033311
0.031443 0.033236
0.031353 0.033205
0.031291 0.033172
0.031190 0.033068
0.031181 0.033034
0.031180 0.032989
0.031229 0.032841
0.031191 0.032836
0.031177 0.032767
0.031176 0.032769
0.031192 0.032724
0.031170 0.032663
0.031288 0.032632
0.031332 0.032570
0.031434 0.032566
0.031583 0.032680
0.031509 0.032642
0.031417 0.032744
0.031379 0.032668
0.031342 0.032683
0.031391 0.032701
0.031432 0.032656
0.031471 0.032673
0.031501 0.032705
0.031465 0.032633
0.031518 0.032695
0.031489 0.032747
0.031462 0.032717
0.031409 0.032761
0.031402 0.032718
0.031413 0.032781
0.031416 0.032782
0.031347 0.032766
0.031441 0.032769
0.031499 0.032819
0.031504 0.032831
0.031473 0.032858
0.031421 0.032750
0.031407 0.032803
0.031422 0.032798
0.031395 0.032891
0.031365 0.032767
0.031311 0.032820
0.031285 0.032860
0.031249 0.032812
0.031320 0.032855
0.031245 0.032814
0.031175 0.032760
0.031231 0.032826
0.031207 0.032766
0.031287 0.032868
0.031188 0.032878
0.031196 0.032875
0.031112 0.032771
0.031139 0.032647
0.031233 0.032618
0.031271 0.032656
0.031422 0.032648
0.031373 0.032528
0.031318 0.032540
0.031246 0.032549
0.031309 0.032781
0.031498 0.032892
0.031601 0.032853
0.031683 0.032958
0.031629 0.033124
0.031557 0.033082
0.031517 0.032983
0.031513 0.033037
0.031472 0.033148
0.031291 0.033163
0.031335 0.033106
0.031334 0.033010
0.031373 0.032940
0.031399 0.032903
0.031480 0.032806
0.031505 0.032767
0.031583 0.032723
0.031705 0.032694
0.031833 0.032689
0.031964 0.032711
0.031981 0.032650
0.032105 0.032511
0.032055 0.032590
0.032082 0.032565
0.032146 0.032429
0.032286 0.032294
0.032436 0.032266
0.032605 0.032147
0.032776 0.032066
0.032766 0.032037
0.032763 0.032041
0.032794 0.032129
0.032756 0.032276
0.032794 0.032316
0.032865 0.032347
0.032816 0.032330
0.032898 0.032351
0.032935 0.032519
0.032935 0.032524
0.032916 0.032544
0.032968 0.032578
0.032902 0.032617
0.032780 0.032585
0.032779 0.032695
0.032812 0.032621
0.032856 0.032645
0.032776 0.032755
0.032698 0.032917
0.032571 0.032993
0.032471 0.032953
0.032429 0.032847
0.032431 0.032792
0.032427 0.032891
0.032392 0.032830
0.032383 0.032852
0.032427 0.032818
0.032426 0.032793
0.032363 0.032718
0.032391 0.032686
0.032393 0.032707
0.032485 0.032700
0.032430 0.032703
0.032421 0.032777
0.032496 0.032605
0.032425 0.032428
0.032412 0.032417
0.032404 0.032458
0.032461 0.032554
0.032517 0.032797
0.032516 0.032896
0.032424 0.032869
0.032444 0.032845
0.032381 0.032805
0.032410 0.032782
0.032392 0.032739
0.032386 0.032687
0.032395 0.032723
0.032381 0.032717
0.032323 0.032680
0.032335 0.032591
0.032345 0.032691
0.032376 0.032689
0.032320 0.032658
0.032351 0.032559
0.032325 0.032475
0.032451 0.032288
0.032512 0.032114
0.032471 0.032133
0.032449 0.032160
0.032446 0.032214
0.032472 0.032202
0.032507 0.032205
0.032481 0.032341
0.032400 0.032513
0.032386 0.032539
0.032413 0.032601
0.032459 0.032510
0.032516 0.032540
0.032488 0.032532
0.032470 0.032592
0.032467 0.032582
0.032470 0.032472
0.032445 0.032410
0.032462 0.032453
0.032484 0.032430
0.032495 0.032486
0.032508 0.032596
0.032454 0.032663
0.032414 0.032740
0.032357 0.032771
0.032363 0.032749
0.032313 0.032717
0.032223 0.032725
0.032187 0.032719
0.032182 0.032750
0.032119 0.032679
0.032220 0.032638
0.032296 0.032698
0.032281 0.032773
0.032336 0.032788
0.032410 0.032738
0.032438 0.032665
0.032514 0.032545
0.032473 0.032569
0.032414 0.032682
0.032360 0.032848
0.032403 0.032865
0.032414 0.032904
0.032437 0.032942
0.032430 0.032916
0.032452 0.032928
0.032504 0.032953
0.032522 0.032972
0.032624 0.032976
0.032596 0.032933
0.032598 0.032963
0.032650 0.032952
0.032541 0.032962
0.032470 0.032945
0.032368 0.032836
0.032276 0.032796
0.032254 0.032889
0.032217 0.032900
0.032300 0.032941
0.032329 0.032906
0.032375 0.032865
0.032341 0.032749
0.032245 0.032635
0.032322 0.032461
0.032292 0.032526
0.032401 0.032605
0.032433 0.032593
0.032416 0.032769
0.032458 0.032913
0.032528 0.033010
0.032635 0.033004
0.032641 0.033047
0.032531 0.033051
0.032513 0.032975
0.032578 0.032916
0.032613 0.032803
0.032691 0.032767
0.032721 0.032873
0.032726 0.033030
0.032783 0.032932
0.032775 0.032882
0.032812 0.032831
0.032805 0.032787
0.032834 0.032751
0.032768 0.032747
0.032754 0.032782
0.032805 0.032775
0.032837 0.032784
0.032879 0.032818
0.032945 0.032861
0.032958 0.032854
0.032979 0.032873
0.033021 0.032839
0.033022 0.032846
0.033016 0.032917
0.032979 0.032887
0.032964 0.032938
0.033001 0.033002
0.032955 0.033004
0.032984 0.032909
0.032992 0.032898
0.033031 0.032829
0.033160 0.032641
0.033152 0.032683
0.033072 0.032613
0.033045 0.032511
0.033029 0.032377
0.033038 0.032394
0.033072 0.032237
0.033034 0.032156
0.033109 0.032051
0.033170 0.031943
0.033285 0.032033
0.033262 0.032062
0.033244 0.032072
0.033295 0.032130
0.033241 0.032259
0.033221 0.032227
0.033054 0.032237
0.033054 0.032169
0.033053 0.032194
0.033061 0.032199
0.033026 0.032204
0.033068 0.032272
0.033030 0.032199
0.033067 0.032166
0.033221 0.032314
0.033173 0.032166
0.033191 0.032197
0.033012 0.032115
0.032980 0.032187
0.033067 0.032208
0.033047 0.032217
0.033021 0.032219
0.033000 0.032187
0.033052 0.032212
0.033042 0.032246
0.033006 0.032333
0.033059 0.032396
0.033008 0.032552
0.033012 0.032567
0.032979 0.032585
0.032977 0.032740
0.032920 0.032825
0.032911 0.032874
0.032978 0.032902
0.032918 0.032941
0.032933 0.032978
0.033000 0.033016
0.033044 0.033078
0.032955 0.032950
0.032967 0.032864
0.033212 0.032929
0.033226 0.032955
0.033125 0.032712
0.033136 0.032659
0.033127 0.032622
0.033218 0.032803
0.033196 0.032803
0.033153 0.032761
0.033130 0.032750
0.033125 0.032829
0.033073 0.032813
0.033081 0.032878
0.033096 0.033070
0.033031 0.032853
0.033032 0.032688
0.033123 0.032689
0.033125 0.032671
0.033217 0.032699
0.033095 0.032798
0.033011 0.032794
0.033016 0.032830
0.033050 0.032827
0.033098 0.032788
0.032937 0.032756
0.032654 0.032584
0.032644 0.032673
0.032622 0.032573
0.032656 0.032679
0.032634 0.032683
0.032684 0.032788
0.032692 0.032913
0.032774 0.032826
0.032757 0.032855
0.032816 0.032711
0.032927 0.032838
0.032856 0.032914
0.032784 0.033069
0.032720 0.032909
0.032665 0.032819
0.032611 0.032788
0.032577 0.032825
0.032551 0.032843
0.032498 0.032812
0.032682 0.032926
0.032641 0.032934
0.032642 0.032974
0.032736 0.033077
